data/aita_al_shaab.asc
ncols        438
nrows        262
xllcorner    35.294027777806
yllcorner    33.060138888885
cellsize     0.000277777778
NODATA_value -32768
[rows 0 to 41 of 262, columns 282 to 375 of 438]
636 640 645 649 650 651 655 662 667 671 671 674 676 676 676 677 680 680 678 675 676 679 687 692 695 697 699 700 703 707 710 713 714 714 714 714 714 714 713 712 707 702 697 694 692 689 688 690 693 697 702 707 713 717 722 727 733 737 742 749 754 759 764 768 771 776 779 782 787 791 794 796 798 801 801 800 798 798 797 796 796 797 798 799 799 801 801 800 800 803 805 805 803 804
642 647 652 656 656 657 663 669 675 677 677 677 678 677 676 676 677 677 674 673 674 678 684 689 692 695 697 699 702 704 707 708 710 711 712 712 712 711 709 706 702 697 693 690 686 684 684 689 696 700 705 710 718 725 729 734 739 742 748 754 759 764 768 773 775 778 782 785 790 793 795 797 798 799 798 796 795 795 793 793 793 795 797 798 799 802 803 803 804 806 808 808 808 807
650 657 660 664 668 669 672 675 678 680 679 678 678 677 676 674 674 671 670 671 675 678 683 688 690 692 694 696 699 701 702 704 707 709 709 710 709 707 705 702 696 693 689 685 683 681 681 689 696 703 708 716 724 729 732 737 742 748 758 762 766 771 774 778 781 783 787 789 793 795 796 796 796 795 795 793 791 790 788 788 790 793 796 798 800 803 805 807 809 810 810 811 812 813
658 666 672 676 679 681 681 682 682 682 681 679 677 676 674 671 668 667 667 670 672 676 681 685 687 689 691 694 697 698 699 702 706 706 707 706 706 704 702 697 694 691 687 683 682 681 683 689 697 705 712 719 725 732 735 738 744 751 760 766 770 774 777 781 786 791 791 792 794 794 795 795 793 792 791 790 788 786 786 786 789 793 796 800 803 805 807 809 811 813 814 816 817 817
667 670 676 681 684 686 685 685 684 683 681 678 675 673 671 667 664 662 663 666 669 675 680 682 684 686 689 691 693 693 695 700 703 704 704 703 702 700 696 693 690 688 684 680 679 681 685 692 702 710 718 721 726 732 737 740 746 753 760 766 771 775 778 784 789 791 793 793 794 794 794 793 791 790 789 787 785 784 784 785 788 793 797 801 806 808 810 812 815 819 822 822 822 822
671 675 678 682 686 687 687 686 685 683 680 677 674 671 668 664 661 660 660 662 667 673 678 681 682 684 685 686 688 690 693 695 697 698 699 699 697 694 690 687 685 682 679 677 677 680 687 695 703 709 717 723 727 734 740 745 749 753 759 766 773 777 779 785 789 792 793 794 795 795 793 791 788 787 786 783 781 781 782 784 788 793 797 802 807 810 813 816 820 825 825 826 826 825
674 678 679 682 685 686 687 687 686 683 680 676 672 668 665 662 659 658 657 660 665 671 675 678 680 681 682 683 684 687 689 691 691 691 692 691 690 687 684 682 679 674 674 676 679 685 690 696 704 713 721 727 731 738 744 749 752 754 759 768 775 778 782 787 791 793 794 795 795 795 792 789 785 784 783 779 778 778 782 786 789 793 798 802 806 811 816 819 824 827 828 827 826 824
675 677 679 682 684 685 686 686 683 681 678 673 670 666 663 659 656 653 655 658 665 669 672 674 677 678 678 679 680 683 687 688 687 685 684 685 685 682 678 675 671 670 672 678 683 690 695 700 708 718 727 731 735 741 746 751 755 760 764 770 776 782 786 790 792 794 795 795 794 792 789 785 781 779 779 777 777 778 782 787 791 795 799 804 808 812 817 825 829 831 830 828 825 822
676 678 679 680 682 684 684 682 679 677 674 669 664 660 656 654 650 649 652 659 662 665 668 670 672 674 676 676 677 678 682 684 684 681 679 678 677 674 670 668 667 669 676 682 689 695 699 705 712 720 727 731 735 741 746 750 757 765 769 772 779 785 790 791 792 794 794 793 792 790 786 782 778 776 776 775 775 777 781 787 792 797 802 809 814 819 824 830 834 833 830 827 824 820
674 677 675 676 679 680 681 678 675 673 671 666 660 655 652 648 644 645 652 657 659 661 663 665 667 670 672 673 674 676 678 678 677 675 673 672 670 667 664 664 666 670 679 688 693 698 704 711 717 724 729 733 739 744 746 750 758 766 770 774 779 786 789 791 793 793 793 790 789 786 783 779 776 774 775 774 775 777 781 787 793 798 805 811 818 823 827 832 833 831 829 825 822 817
668 670 671 670 672 674 675 674 672 669 665 661 655 652 647 642 639 641 646 652 654 657 659 660 664 666 667 668 669 671 672 671 669 667 666 665 663 660 660 662 667 673 682 689 694 701 708 716 723 730 733 737 744 749 750 754 763 769 775 779 783 785 788 790 790 790 790 788 786 782 778 775 772 772 773 774 775 780 785 789 795 801 807 813 819 824 827 829 830 828 826 822 817 812
658 660 662 664 666 668 670 671 669 665 659 654 652 648 643 638 637 640 644 647 650 654 656 656 659 660 661 663 663 664 663 662 662 660 658 658 655 655 657 663 667 673 683 691 697 707 714 720 726 733 739 744 751 754 756 761 768 774 780 785 787 787 789 790 789 788 787 785 781 777 773 771 769 768 768 771 775 781 786 791 796 802 810 816 820 824 825 826 826 825 823 818 812 805
648 651 654 658 661 664 666 666 664 660 655 650 648 645 638 633 634 636 640 643 647 651 652 651 652 653 655 658 658 657 657 657 655 653 652 651 650 652 659 665 672 677 686 694 702 709 717 722 726 734 742 750 755 759 765 770 775 779 782 787 789 790 790 790 788 786 784 781 778 774 772 770 767 764 765 769 776 782 788 794 798 804 810 815 818 821 821 821 821 820 817 810 802 796
641 644 648 653 657 659 660 660 658 655 652 648 645 641 635 631 628 629 633 638 642 645 645 643 644 646 648 651 652 651 650 649 649 647 647 648 649 654 660 668 676 683 690 699 706 713 720 725 729 736 745 754 759 766 772 775 779 783 786 789 791 792 791 790 787 784 781 778 775 771 769 767 764 762 763 769 777 782 789 795 799 802 809 813 815 816 816 817 817 816 811 804 798 793
635 639 643 648 650 654 656 656 653 651 649 644 639 636 633 628 625 625 628 632 634 635 637 637 639 642 644 643 644 644 644 643 641 643 646 650 654 660 666 673 682 688 696 702 708 716 722 727 734 741 749 756 762 769 775 778 782 787 790 792 793 793 791 789 786 782 779 776 772 766 764 763 761 761 764 770 777 784 789 794 797 802 808 812 814 814 814 815 814 812 806 800 794 789
630 634 637 639 644 648 652 651 651 647 641 637 633 631 629 625 622 623 625 627 629 629 630 632 634 636 638 638 638 639 640 641 641 644 650 656 660 668 675 680 686 692 697 705 711 717 722 729 737 744 750 757 765 772 777 782 786 790 793 794 793 792 789 788 786 782 778 775 769 763 761 760 759 762 766 772 777 784 790 794 798 803 809 811 812 812 812 811 809 805 800 794 789 783
624 627 630 633 638 643 645 645 644 640 636 631 629 627 625 622 619 618 618 621 623 624 624 624 625 628 631 633 633 634 637 640 643 651 657 663 669 676 683 687 692 697 704 709 715 721 724 731 739 746 753 761 768 773 778 784 788 792 794 794 793 792 789 787 784 781 777 774 768 762 759 758 759 763 768 773 779 784 790 794 799 804 808 810 811 811 809 807 805 799 792 788 784 777
617 622 626 629 633 636 637 636 635 633 631 629 626 623 621 618 615 612 613 615 617 618 619 620 621 622 625 627 631 634 639 642 649 658 665 669 674 679 686 692 699 705 708 711 719 724 728 734 740 747 755 764 768 773 780 785 789 792 794 794 794 792 788 785 781 777 774 770 763 758 756 756 759 764 769 774 779 785 790 795 800 803 807 810 809 808 805 802 798 793 788 784 779 772
614 618 623 625 626 629 630 630 628 626 626 624 622 619 617 614 611 609 610 612 613 615 617 619 620 622 623 628 633 637 642 647 655 664 672 675 677 684 692 698 704 709 713 716 721 728 732 737 742 748 756 763 767 771 779 786 789 792 794 795 793 790 787 783 779 774 770 766 761 755 754 756 761 764 769 773 778 784 791 797 802 804 808 808 807 806 803 797 791 788 785 780 774 766
611 614 618 621 622 623 625 626 623 620 618 618 616 615 612 611 608 606 608 611 612 615 617 620 623 623 625 631 637 641 646 655 660 667 674 676 681 689 696 704 710 716 719 722 726 732 736 739 744 749 755 761 765 770 779 785 789 791 794 793 791 788 784 780 776 770 767 764 759 755 753 757 762 766 770 774 779 784 790 798 803 807 809 808 806 803 799 792 788 785 781 774 767 760
609 611 613 617 618 619 620 619 616 614 613 613 613 611 609 608 606 606 609 613 616 619 622 623 624 624 627 633 638 644 653 660 666 671 677 684 691 695 699 707 714 718 721 725 730 736 740 743 747 749 755 762 767 772 779 784 788 790 791 792 789 786 781 777 772 767 764 761 756 753 752 756 762 766 770 775 779 783 790 799 805 808 809 807 804 800 795 789 785 780 774 767 761 756
606 609 610 611 613 614 612 610 609 609 609 609 608 607 606 605 607 609 613 618 621 623 624 625 628 630 632 638 642 648 656 663 670 676 682 691 697 700 704 709 715 719 724 728 735 739 745 750 750 752 759 767 771 775 781 786 788 789 789 789 787 784 779 774 770 765 763 756 751 749 750 754 760 764 768 773 778 784 792 796 801 803 803 802 800 797 792 786 781 775 768 763 757 748
602 605 605 607 609 608 606 604 605 605 605 605 604 604 605 606 608 613 617 622 624 628 629 631 636 637 639 644 648 653 659 668 674 678 684 690 698 703 706 713 718 724 730 736 739 743 750 753 755 758 764 768 774 779 781 785 788 789 789 788 785 781 777 773 766 763 758 753 748 746 748 752 757 761 765 771 778 786 791 792 794 797 797 797 797 794 789 782 777 771 766 759 751 743
599 602 602 603 603 603 601 600 600 600 601 602 602 603 605 607 610 613 617 620 626 631 634 639 643 646 647 650 653 656 661 667 673 680 686 692 698 704 710 714 722 728 733 740 744 749 753 757 759 763 766 770 774 778 780 783 788 789 787 784 781 778 775 768 762 757 753 748 746 746 749 753 757 761 767 771 776 784 789 789 792 794 795 795 795 793 785 779 774 768 761 755 748 739
596 597 598 598 598 599 598 598 598 599 600 602 603 605 606 609 612 616 619 623 628 635 639 643 648 651 652 655 659 661 663 667 674 682 689 694 700 706 712 716 721 728 734 740 747 751 755 758 762 766 769 771 774 776 778 782 786 786 782 779 776 773 769 764 759 754 750 746 744 747 752 755 757 763 769 774 779 784 785 787 790 792 791 791 792 788 782 775 770 764 758 751 744 735
590 591 591 593 593 595 596 597 598 598 601 604 605 606 608 612 616 621 626 627 632 637 640 643 649 654 656 660 664 666 670 674 680 686 692 697 701 707 713 719 723 729 736 741 748 754 757 761 764 767 770 771 774 776 777 780 782 780 777 774 771 767 763 759 754 750 746 742 742 745 750 753 757 762 769 775 781 784 785 787 789 789 788 788 786 783 777 773 768 763 754 746 739 732
585 586 588 590 592 593 595 597 599 600 603 607 608 608 611 616 620 625 629 633 637 639 640 643 649 655 660 663 668 673 680 683 684 688 695 700 703 707 713 721 726 730 735 740 746 754 759 762 764 767 769 771 773 775 775 776 776 776 774 770 766 762 757 753 747 743 739 735 736 743 747 753 758 764 770 774 779 784 785 787 789 789 788 785 781 776 773 770 765 758 750 744 736 729
582 584 589 592 593 595 596 600 602 603 605 609 613 614 618 621 625 628 633 637 639 641 644 646 650 657 664 669 673 679 687 690 691 693 698 703 705 709 716 722 726 731 736 740 747 753 757 758 760 764 768 769 770 771 773 773 773 771 769 766 761 756 751 747 742 736 731 731 737 743 750 756 761 767 771 774 778 782 784 786 788 788 787 784 778 774 771 768 763 756 750 743 735 727
584 587 592 594 596 598 601 604 607 609 612 616 619 622 625 629 631 635 636 638 640 643 648 651 655 661 668 673 678 687 693 695 694 698 703 707 710 715 720 726 728 732 737 742 747 751 753 755 757 761 765 766 766 767 769 770 768 766 764 760 755 750 747 743 737 732 730 733 740 747 753 759 763 768 773 776 778 782 784 786 787 786 784 781 777 771 766 765 762 755 747 741 736 723
589 591 593 594 597 602 604 607 611 615 618 621 625 628 631 633 635 636 638 639 642 647 652 656 658 665 670 676 683 691 698 700 700 703 708 712 716 719 723 727 731 734 738 741 745 747 750 752 755 758 760 761 761 762 763 762 760 759 757 752 748 745 741 737 732 732 732 736 743 750 755 760 765 769 772 776 780 783 783 784 784 782 779 776 773 767 762 760 756 749 740 737 729 720
595 595 595 595 600 604 607 611 615 619 621 624 628 632 636 638 640 640 640 642 645 649 654 658 663 669 673 680 688 694 699 703 707 710 714 719 721 722 724 729 732 735 737 740 742 744 747 749 752 754 756 757 758 758 758 756 753 752 750 747 741 735 731 729 727 727 731 739 747 754 758 761 766 771 776 781 784 784 782 781 781 779 776 773 769 763 759 758 752 743 736 730 725 719
599 599 600 602 605 609 613 617 621 623 627 631 632 637 641 643 644 644 644 648 649 652 657 662 667 671 675 684 693 696 700 706 711 714 717 720 724 725 727 731 733 736 738 740 741 744 745 746 749 752 753 754 753 753 753 751 748 746 746 741 733 724 722 721 721 724 731 740 749 755 760 765 769 773 779 785 786 785 782 781 780 778 773 769 765 760 756 754 747 741 733 726 720 713
603 604 606 608 609 612 617 622 628 630 631 638 642 644 647 649 651 649 651 652 653 657 662 668 672 673 676 685 694 697 702 709 714 717 719 720 724 728 730 732 734 736 738 739 741 743 744 745 746 749 750 750 747 747 747 744 742 740 738 734 725 719 717 718 722 729 736 741 749 757 764 767 771 775 780 784 785 783 781 779 778 775 771 765 761 756 751 744 740 735 728 724 716 708
608 609 611 612 612 616 623 629 634 634 639 645 648 649 651 654 657 656 656 657 658 661 666 670 674 678 681 689 697 700 705 711 717 719 720 722 725 728 730 732 732 733 735 736 738 741 743 742 743 744 744 745 744 742 741 739 735 734 731 724 718 714 714 721 727 736 742 746 753 761 767 770 773 776 780 782 782 781 779 777 775 772 765 761 757 751 743 737 731 726 723 718 713 702
610 611 614 615 617 623 630 635 638 642 646 651 651 653 656 660 663 664 662 663 664 664 666 671 676 679 685 694 699 702 707 713 716 719 722 723 725 727 728 729 730 731 732 734 736 738 740 739 739 740 739 739 737 737 736 732 730 727 721 717 714 711 713 719 731 739 745 751 755 762 770 773 775 777 780 781 782 781 779 777 773 768 762 757 752 745 738 731 721 716 712 709 701 695
616 617 619 621 623 628 636 638 640 644 649 653 655 658 661 664 669 670 669 669 670 669 668 672 676 681 688 694 699 702 707 710 714 717 720 722 724 725 726 726 727 729 731 733 735 736 736 736 737 737 736 733 732 730 728 725 722 717 714 713 711 714 718 725 734 742 747 751 757 764 772 775 777 779 781 783 783 782 780 776 770 765 760 754 747 740 733 724 717 710 706 700 694 691
623 624 626 627 627 631 637 639 641 647 654 660 663 666 668 671 673 674 673 672 674 673 673 675 680 685 691 696 701 705 707 710 712 717 720 722 723 724 724 723 724 726 729 731 732 733 732 733 733 733 733 729 726 725 722 718 714 711 708 707 709 716 727 733 738 742 747 754 762 771 776 780 781 782 783 784 783 781 779 774 768 762 757 750 743 735 728 722 714 706 700 695 690 688
628 629 630 631 631 635 640 642 645 654 663 667 670 673 676 676 676 676 674 674 674 675 677 679 683 688 694 698 702 705 708 710 713 717 719 720 721 722 721 720 719 721 725 727 730 730 730 730 728 726 724 723 721 720 718 714 711 706 705 705 708 715 726 737 740 743 750 759 768 774 779 782 784 785 784 782 780 778 775 771 763 756 751 745 738 732 723 717 708 700 694 690 687 686
631 632 633 635 637 640 645 649 656 665 668 670 673 675 676 676 676 676 675 673 672 673 676 681 684 688 693 698 702 705 708 711 714 716 717 718 718 717 716 716 716 718 722 725 727 727 728 727 724 719 716 717 717 714 713 711 706 703 703 708 712 720 731 740 744 747 754 762 769 774 779 782 785 787 785 782 777 775 771 766 760 749 744 738 731 724 717 708 700 693 687 684 683 686
634 637 637 640 643 646 651 657 664 667 668 668 670 672 672 673 673 674 673 671 670 670 674 679 683 687 693 698 702 704 708 713 715 716 716 715 714 712 712 712 713 716 720 724 725 725 726 725 721 714 712 712 712 709 706 704 701 699 701 708 715 722 732 740 746 752 760 768 772 775 780 782 784 786 785 779 775 772 767 761 753 744 737 729 719 716 707 697 691 686 682 681 682 686
638 640 643 646 649 652 655 660 664 666 665 665 667 669 670 668 669 669 669 668 667 669 674 678 683 689 694 698 702 705 709 713 715 715 714 713 711 709 708 710 712 715 721 724 724 723 722 721 717 712 709 707 705 701 698 695 694 696 703 711 718 723 731 739 750 758 765 769 771 775 778 780 780 780 777 773 771 766 760 755 748 741 733 722 716 710 700 692 686 682 680 682 684 688
639 643 647 650 653 655 658 661 664 665 664 665 666 668 667 667 665 665 664 664 666 670 675 678 683 690 694 700 704 707 709 712 712 712 710 709 709 707 706 707 711 716 721 723 723 721 719 717 714 709 704 700 697 693 691 689 691 697 706 715 720 725 733 743 751 759 762 765 768 770 774 775 773 770 767 765 763 758 754 749 743 735 724 717 708 701 695 688 682 680 683 688 692 695
