data/aita_al_shaab.asc
ncols        438
nrows        262
xllcorner    35.294027777806
yllcorner    33.060138888885
cellsize     0.000277777778
NODATA_value -32768
[rows 168 to 209 of 262, columns 188 to 281 of 438]
662 662 661 660 659 657 655 653 653 653 652 651 648 649 649 649 644 641 640 637 631 625 621 613 605 599 591 582 576 573 570 567 565 568 571 574 580 587 595 600 604 607 610 612 612 610 605 602 600 594 586 579 574 572 569 566 565 565 563 560 558 556 557 556 555 554 555 554 552 552 551 551 551 551 551 551 552 552 553 553 554 554 554 555 556 558 559 560 561 563 564 567 569 575
662 662 661 660 659 656 651 647 647 647 647 645 644 644 644 643 640 637 635 632 626 622 616 610 603 596 590 584 579 576 572 568 567 569 575 580 584 591 600 606 609 612 613 615 615 615 611 607 604 598 592 590 582 577 572 570 569 568 564 561 558 558 558 557 556 555 555 554 554 553 553 553 552 551 552 552 552 553 553 553 553 554 554 555 556 557 558 558 559 560 562 563 566 569
663 662 661 659 658 654 650 647 645 645 644 641 639 638 638 636 633 631 629 626 623 619 612 606 601 596 590 585 580 575 570 568 569 571 578 585 590 596 604 610 614 616 619 620 619 618 616 612 607 599 594 591 587 579 576 573 573 570 566 563 561 560 559 557 556 555 554 554 555 555 555 554 553 553 552 553 552 553 553 552 553 554 555 555 556 557 557 557 557 558 560 562 565 565
662 661 660 659 657 654 650 647 644 642 640 638 634 634 633 631 626 625 622 620 619 616 608 602 597 594 590 585 579 574 568 568 571 575 580 588 593 600 607 615 619 621 625 626 625 624 621 616 609 603 597 593 585 581 577 576 573 569 566 564 563 561 560 558 556 556 555 555 556 556 556 555 554 553 553 553 553 552 552 553 554 555 555 556 556 557 557 557 557 557 558 562 563 562
660 658 658 657 656 653 651 647 643 641 639 635 633 632 630 626 622 620 620 618 617 614 608 600 596 593 588 582 578 573 569 569 573 578 584 590 597 604 612 618 621 625 629 630 631 629 626 620 615 609 603 596 591 586 583 579 575 571 567 566 564 562 561 558 557 557 556 556 557 557 556 555 554 554 553 553 553 553 553 554 555 555 555 556 556 557 557 557 556 556 557 560 562 561
657 655 655 654 654 654 654 650 647 644 641 638 634 632 628 623 618 617 616 615 611 608 603 597 593 591 585 580 577 572 569 569 574 581 587 594 601 608 615 621 626 630 632 635 637 636 631 624 620 616 609 601 593 593 590 584 579 574 572 569 566 564 562 560 558 557 557 558 558 558 557 556 555 554 554 553 554 555 556 556 556 555 556 555 556 556 557 557 556 556 556 558 559 559
657 655 655 655 655 656 656 656 653 651 648 642 638 634 630 624 620 615 615 610 605 601 597 592 588 586 582 579 576 572 570 571 578 584 590 598 605 612 618 623 629 634 636 639 643 643 640 635 627 621 615 606 599 595 592 585 578 575 574 571 568 565 564 562 560 558 557 558 558 558 557 556 556 555 555 555 556 557 557 556 554 555 555 555 555 555 556 556 557 557 557 558 559 559
662 661 659 659 661 661 660 656 656 655 653 648 643 641 637 631 625 620 616 610 602 596 592 587 584 582 579 576 574 571 570 574 581 587 592 598 606 613 619 622 627 635 641 644 647 648 644 637 630 623 617 612 603 597 592 586 579 577 576 573 569 567 565 564 562 560 559 559 559 558 556 556 557 558 557 557 557 557 556 554 553 553 555 555 555 555 555 556 557 558 558 559 559 559
668 666 662 662 666 668 663 660 660 659 657 653 649 647 645 638 631 624 618 609 601 594 588 585 580 577 575 574 573 571 571 576 583 588 591 597 606 614 620 625 632 640 645 648 650 650 646 640 633 626 619 616 610 600 593 588 584 582 580 575 571 568 567 567 565 562 560 560 559 558 556 557 558 560 560 558 556 555 555 554 554 554 555 555 555 555 556 556 558 559 558 558 558 558
672 670 666 667 670 671 669 667 664 662 660 658 653 650 647 642 635 627 617 607 599 594 588 583 579 576 575 575 574 574 576 582 587 590 591 598 606 615 624 631 637 643 648 649 650 651 650 644 636 630 623 619 614 605 597 593 589 586 583 579 574 570 567 566 565 564 563 561 560 558 558 558 559 560 559 558 555 554 555 556 556 555 555 555 555 557 557 557 558 559 558 558 558 559
672 672 673 674 676 676 673 672 669 665 663 660 654 648 645 642 637 627 616 604 597 591 585 582 579 577 578 577 575 574 576 581 588 592 595 599 606 617 628 635 640 645 649 650 651 652 652 646 640 633 627 621 615 609 602 596 591 588 586 584 578 572 567 566 566 566 564 562 560 560 560 559 560 559 559 558 556 555 556 556 556 555 555 555 556 557 559 558 558 558 558 558 558 559
674 676 678 680 680 679 678 677 673 670 666 661 654 648 645 643 635 627 614 605 596 589 585 581 580 580 580 578 575 573 575 578 588 595 598 603 611 620 627 635 641 647 650 651 652 653 652 648 641 634 628 621 614 608 601 595 590 588 586 583 580 574 570 568 567 566 564 563 560 560 562 562 561 560 559 558 556 556 556 556 556 555 554 555 555 557 558 558 557 558 559 559 559 559
677 678 680 682 682 681 680 679 675 671 667 661 656 653 650 645 635 626 615 605 597 588 585 583 584 585 585 582 578 575 576 581 589 596 601 608 616 622 629 637 642 648 651 652 653 653 652 645 640 635 627 620 611 605 599 594 590 586 583 581 578 574 571 570 568 565 563 561 560 560 563 563 562 560 559 557 556 557 557 557 556 555 554 555 556 556 557 558 557 558 559 559 560 559
680 681 682 683 683 683 683 682 678 674 668 662 658 656 653 646 635 626 616 607 597 587 585 587 588 590 592 590 584 578 579 582 589 596 603 611 619 626 632 636 641 647 652 653 652 651 648 643 639 633 626 618 607 600 597 594 590 585 582 579 575 572 570 570 568 565 562 560 559 560 562 563 562 560 559 557 557 557 557 556 556 555 555 556 556 556 557 558 558 558 558 559 560 559
682 683 683 684 685 684 684 682 678 674 671 663 659 656 652 643 634 626 617 607 595 586 586 589 594 598 599 596 589 582 581 585 592 599 605 612 622 630 633 637 641 648 651 652 650 648 644 640 636 630 623 616 605 599 595 591 587 583 581 577 572 569 568 569 568 565 563 561 561 562 562 562 561 560 559 559 558 557 557 557 557 557 556 556 557 557 558 559 560 559 559 559 559 559
682 683 684 685 685 685 684 681 676 673 669 663 658 656 650 643 636 626 617 607 597 591 590 596 601 604 602 599 591 585 585 588 594 600 605 612 623 630 635 638 643 648 651 649 646 643 639 635 632 626 617 611 603 597 592 588 583 581 579 576 571 569 569 569 568 566 565 564 563 564 563 562 561 561 560 560 559 558 558 558 558 558 557 557 557 557 558 559 560 560 560 560 559 560
679 681 683 684 684 684 683 680 675 671 667 663 658 653 647 642 635 624 615 607 599 596 601 605 609 608 605 603 597 591 587 588 591 597 603 610 620 627 633 637 643 647 648 646 641 638 634 630 626 618 612 607 600 594 590 586 581 578 578 575 572 571 570 569 567 568 566 565 564 565 564 563 562 561 561 560 559 560 560 559 558 558 558 557 557 556 557 559 560 560 561 560 560 560
676 679 681 682 683 682 681 678 674 668 665 662 656 651 645 639 632 622 614 605 598 599 604 611 615 612 607 604 600 594 590 587 589 593 598 606 613 621 628 635 640 644 644 641 638 635 633 627 619 611 608 604 600 593 588 583 579 575 574 574 573 572 570 568 568 568 570 567 565 564 562 562 563 562 561 560 559 559 560 560 559 558 558 558 557 556 556 558 559 560 560 560 558 560
675 677 678 679 680 680 678 676 672 667 663 660 654 649 643 636 629 622 613 602 598 599 606 613 617 614 608 605 601 595 591 588 589 591 596 602 609 613 623 630 636 639 640 638 635 633 629 622 611 606 603 600 596 591 585 581 576 574 573 573 573 572 570 570 570 572 573 571 567 564 562 562 563 563 562 561 560 559 559 560 560 559 559 557 557 556 556 557 558 558 559 559 558 559
673 675 676 677 678 677 676 674 671 666 661 656 650 645 641 632 624 618 611 602 600 603 611 618 622 617 610 606 601 596 592 591 592 594 596 601 608 614 620 627 633 636 638 636 633 628 623 615 609 604 597 593 590 586 583 579 576 573 573 573 572 572 572 572 573 574 575 573 570 566 564 563 563 562 562 562 562 560 559 560 560 559 558 557 556 556 556 557 557 557 558 559 560 561
673 675 676 676 676 675 674 672 668 663 658 653 647 642 635 627 618 613 609 606 607 613 619 625 627 625 615 609 602 597 593 593 597 599 601 604 612 619 624 631 634 636 636 635 632 627 619 614 608 600 593 588 584 581 580 579 577 576 575 573 573 573 574 574 575 574 574 572 569 566 565 564 563 562 562 563 564 563 562 561 560 559 558 556 556 555 556 557 558 559 559 560 560 561
673 674 674 674 673 672 670 667 663 659 656 650 645 639 631 622 614 609 609 611 616 622 627 629 632 630 623 614 607 602 597 598 603 608 611 614 619 625 631 636 638 638 637 637 634 628 622 618 611 602 595 590 584 581 579 579 579 578 577 576 575 575 575 575 575 573 572 571 568 566 565 564 564 564 565 565 565 564 564 562 560 560 559 557 556 556 557 558 559 559 560 560 561 561
672 673 674 674 672 669 666 662 659 657 652 645 640 636 628 621 613 611 613 617 620 626 631 634 634 633 628 620 613 607 603 603 607 613 618 622 624 630 637 643 643 641 639 639 636 630 625 621 615 606 601 595 589 584 582 581 581 579 579 578 577 576 574 573 573 572 570 569 568 567 566 565 565 566 567 566 565 565 564 562 561 559 558 558 558 558 558 559 559 559 560 561 562 563
672 673 674 673 670 666 663 659 654 652 646 641 637 632 625 618 616 618 622 624 628 632 634 637 637 634 630 624 616 610 607 607 611 616 623 626 628 634 643 647 646 643 641 640 638 632 627 624 619 612 606 600 595 590 587 586 583 580 579 578 577 576 574 573 572 571 570 569 569 568 566 565 566 566 567 566 566 565 565 563 560 559 559 559 559 560 561 561 560 560 561 563 563 564
672 672 671 669 666 663 660 654 650 648 643 638 633 628 621 617 618 622 629 634 637 638 640 642 641 637 631 624 619 614 611 611 615 621 628 634 638 641 645 647 647 645 643 641 639 634 629 625 621 615 608 603 601 597 593 590 586 582 580 579 578 576 574 573 572 572 570 569 568 567 566 566 566 566 566 567 566 566 566 564 562 560 560 560 561 561 562 563 561 560 562 562 562 563
671 669 667 664 663 662 658 652 648 644 640 634 629 624 620 619 624 630 636 642 645 646 647 648 646 640 635 628 623 619 614 611 614 624 634 640 643 644 646 647 647 646 644 641 637 633 629 626 621 615 609 606 604 602 597 592 587 583 580 578 578 576 574 573 572 571 570 568 567 567 567 568 568 567 566 567 567 567 566 565 563 562 561 561 561 561 562 562 560 559 560 561 561 562
670 668 665 662 661 660 656 652 648 644 638 632 626 623 621 624 628 634 640 646 650 652 652 652 651 646 639 635 629 623 614 610 615 625 635 640 643 645 646 646 645 644 642 639 635 632 628 624 618 613 609 606 605 603 598 592 587 582 580 578 577 576 574 572 572 571 570 568 568 568 569 570 571 571 570 568 568 568 567 565 564 562 562 563 562 561 560 560 559 558 558 559 561 562
671 669 666 663 661 659 656 653 649 645 639 633 629 626 625 627 631 636 643 649 654 655 655 656 655 652 646 640 634 627 617 614 615 625 633 640 643 645 646 646 644 642 640 637 634 630 625 621 616 612 608 607 605 602 598 592 586 583 581 578 576 575 574 572 572 571 570 569 569 570 571 572 573 574 573 571 570 569 567 566 564 562 562 563 563 562 561 560 559 558 558 559 561 562
670 669 667 664 661 658 656 654 651 646 640 635 632 631 629 629 632 637 644 651 656 657 659 660 659 656 651 645 640 631 622 618 618 623 631 639 643 645 647 645 642 640 637 635 633 626 621 618 614 609 607 606 604 601 596 592 588 585 583 579 576 575 574 573 572 571 571 570 570 571 572 573 574 573 573 573 571 568 567 566 564 563 562 562 563 562 562 560 560 560 559 559 562 563
667 666 666 663 660 658 657 656 653 649 644 640 636 634 631 631 633 638 643 651 657 660 661 662 661 657 654 649 642 635 627 624 623 624 631 639 643 646 647 645 641 636 634 632 628 620 616 614 610 605 603 603 602 599 597 593 588 585 583 580 577 575 574 573 573 573 572 572 571 571 572 573 573 573 572 572 570 567 565 566 565 564 564 563 563 562 561 561 562 562 561 560 561 562
664 664 664 662 661 660 660 658 656 652 647 643 640 637 635 634 637 640 644 649 656 659 662 662 662 660 656 653 644 635 632 628 626 628 632 637 643 647 648 646 641 636 628 625 621 615 611 609 605 602 600 600 599 597 595 592 587 584 581 579 576 575 574 574 575 575 575 573 572 571 572 572 573 573 573 573 570 568 566 566 566 565 564 564 562 562 561 562 562 563 563 561 560 561
662 663 662 662 662 663 662 660 657 654 648 645 643 641 639 637 638 639 643 648 653 659 663 664 664 663 661 656 648 640 635 632 629 630 632 638 644 648 648 645 641 633 625 619 614 608 603 601 600 597 595 594 594 592 591 588 585 581 580 578 576 575 575 575 575 576 575 573 572 571 572 572 573 574 575 573 571 569 567 566 566 565 564 564 564 563 563 562 562 563 563 561 560 560
659 659 660 660 661 661 660 659 658 654 649 647 646 645 645 643 641 640 642 645 650 656 663 665 665 665 664 659 652 644 639 634 630 631 636 642 648 649 648 646 640 632 625 619 610 602 598 596 594 592 590 590 590 590 587 585 581 579 578 578 577 576 575 575 575 574 574 572 571 571 571 572 573 574 574 573 571 570 568 566 565 564 564 564 565 565 564 564 564 564 563 562 560 561
655 655 656 658 658 658 659 659 658 657 655 652 651 650 650 648 645 643 644 647 650 656 661 665 666 666 665 661 654 646 641 636 633 635 641 647 652 653 652 649 645 636 628 620 614 605 599 596 593 591 590 590 589 589 587 583 581 579 578 578 578 577 576 576 575 574 573 573 572 571 571 572 572 572 572 571 570 569 568 565 564 564 564 565 566 566 566 566 565 565 564 562 561 561
652 652 652 654 657 658 659 659 659 660 660 658 656 655 654 652 650 648 648 651 653 656 661 665 667 666 664 660 656 649 644 639 637 640 645 651 656 660 658 654 650 644 636 627 618 612 607 603 599 595 594 592 590 590 587 585 582 581 580 580 580 580 579 578 577 576 574 573 572 571 571 571 571 570 569 570 569 569 567 565 564 564 565 566 567 568 568 568 567 565 564 563 563 563
648 648 649 652 654 656 657 658 660 660 661 661 661 659 658 656 654 653 653 652 653 656 660 664 664 664 662 660 657 652 646 642 642 644 649 655 662 665 663 658 654 649 641 632 623 615 611 609 604 600 598 595 594 592 591 587 586 585 584 583 584 583 581 579 578 577 574 573 572 571 570 570 570 569 569 570 570 569 567 566 565 566 567 569 569 570 571 568 567 565 565 565 566 566
645 645 646 649 652 652 655 657 659 660 661 664 663 662 660 658 657 656 656 655 654 654 657 660 662 662 662 661 659 654 650 648 649 651 654 660 665 668 664 660 656 651 643 637 629 620 612 610 607 605 606 603 599 599 598 593 592 590 587 585 585 584 582 580 579 576 573 572 571 570 570 570 569 569 570 571 571 569 567 566 566 566 568 569 570 570 570 568 566 566 566 567 567 567
642 643 643 646 649 651 652 654 656 658 660 663 664 662 661 661 660 660 659 659 657 657 657 659 661 662 663 663 662 659 655 655 657 658 661 664 668 668 665 662 658 653 646 640 633 623 616 613 613 614 615 611 607 607 606 601 595 595 592 588 587 585 582 580 578 576 573 572 571 570 570 570 569 568 569 570 570 569 566 565 565 566 567 568 568 568 568 567 567 567 567 568 567 567
639 640 641 644 647 649 650 652 654 656 658 661 664 665 664 665 665 665 664 664 663 661 661 661 663 664 665 665 664 663 662 661 661 662 664 667 668 668 665 662 657 650 644 640 633 627 624 623 622 620 620 618 615 614 610 603 599 600 598 593 590 587 583 580 577 575 574 574 573 572 571 571 570 568 569 569 569 568 566 565 566 567 568 568 567 567 567 567 567 568 568 568 568 568
634 636 638 640 641 645 648 650 652 654 657 660 664 666 667 668 669 669 668 667 667 665 664 664 666 667 668 667 667 668 667 665 664 664 666 668 668 667 664 658 652 647 643 641 636 634 633 631 628 626 624 621 617 615 612 605 601 600 599 596 593 588 584 580 578 576 575 575 575 574 573 573 571 571 570 569 568 568 568 567 567 568 568 567 567 568 568 567 568 569 570 570 570 569
630 632 634 636 638 641 645 648 651 654 656 660 664 666 668 669 670 671 671 669 668 667 666 666 668 670 671 670 671 672 671 669 666 665 667 668 668 667 664 659 654 649 645 643 641 639 637 634 633 630 627 621 618 616 613 609 604 600 598 596 593 589 584 580 578 577 575 575 575 575 575 574 573 571 570 569 569 569 569 568 568 567 567 567 568 569 569 569 570 571 572 572 571 570
630 631 632 635 638 641 643 647 651 654 658 661 664 667 669 671 672 673 672 671 670 668 668 670 671 674 674 675 677 676 674 670 668 667 667 667 667 668 667 665 660 653 648 646 645 641 637 633 632 629 624 621 617 615 612 609 605 601 596 593 591 587 581 578 577 576 576 577 576 576 575 574 573 571 570 569 569 570 569 568 567 567 568 568 569 570 571 571 571 572 572 573 573 572
