data/aita_al_shaab.asc
ncols        438
nrows        262
xllcorner    35.294027777806
yllcorner    33.060138888885
cellsize     0.000277777778
NODATA_value -32768
[rows 210 to 251 of 262, columns 188 to 281 of 438]
631 632 633 635 638 640 643 647 651 655 658 661 664 667 670 672 673 673 673 673 673 672 673 674 677 678 678 679 680 679 674 671 670 669 670 669 669 667 666 665 660 654 651 648 644 640 632 629 629 624 620 617 615 612 609 606 604 599 594 590 588 584 579 576 575 575 575 577 578 577 576 575 575 573 573 572 571 570 569 568 567 567 568 568 568 569 570 571 572 572 574 575 576 576
632 634 635 636 638 640 642 646 650 653 657 660 664 667 670 673 675 675 676 677 677 677 676 679 681 682 682 682 682 680 676 673 673 673 673 672 670 666 664 662 658 655 652 649 641 632 626 624 623 619 616 613 611 609 606 604 601 597 592 589 587 582 577 575 574 574 575 578 580 579 579 579 577 577 576 577 574 572 569 567 566 567 567 568 568 569 570 572 573 574 577 578 578 581
633 635 636 636 638 641 644 647 650 653 656 660 664 668 671 674 676 677 678 680 681 681 680 682 683 683 682 682 682 680 676 674 674 674 674 673 670 666 662 660 656 651 649 644 637 629 624 621 619 616 613 610 606 603 601 601 598 594 590 587 585 581 578 576 575 575 577 580 581 582 582 583 581 579 579 578 576 572 570 568 567 567 568 569 570 571 572 573 573 575 577 580 582 584
631 633 634 635 637 641 646 649 652 657 660 664 667 670 672 673 675 677 679 682 682 683 683 683 682 682 682 683 682 679 676 675 674 673 672 671 668 662 659 657 653 647 643 638 631 627 621 619 616 614 611 607 602 599 599 597 593 590 587 584 583 580 578 578 577 577 579 582 583 584 585 586 583 581 580 579 576 573 572 572 571 570 570 571 571 571 573 574 574 575 577 580 583 586
629 631 632 633 636 641 646 650 653 658 663 665 668 671 672 673 675 677 680 681 683 684 685 685 685 685 685 684 683 680 678 677 674 671 669 667 663 658 655 653 648 642 637 630 625 622 619 614 609 608 605 602 599 597 597 594 590 586 584 582 581 580 579 580 580 580 582 584 586 588 589 588 585 584 581 579 576 574 574 574 573 571 570 570 570 570 572 574 575 576 578 580 584 588
631 632 632 634 636 638 643 648 651 655 658 663 665 669 671 673 674 676 678 681 682 684 685 686 688 688 688 686 683 679 676 676 673 670 667 663 659 654 650 645 637 634 630 624 619 616 612 608 605 603 600 596 594 593 592 590 587 584 583 582 582 582 582 583 584 585 588 588 589 591 592 592 590 588 585 581 577 575 576 576 575 572 571 570 569 569 571 573 576 577 579 582 585 590
634 636 637 637 637 639 643 646 648 649 652 657 662 666 670 672 673 674 677 679 681 684 686 688 689 689 687 686 684 679 677 675 674 671 668 664 657 650 644 636 631 629 628 622 615 611 609 606 604 601 596 592 591 590 588 586 584 583 583 583 584 584 585 587 589 593 594 593 593 594 596 596 595 592 591 587 583 580 577 577 575 574 572 571 570 570 570 573 575 578 580 583 587 591
640 642 644 643 641 643 646 648 648 649 652 655 661 664 666 669 672 674 676 678 680 683 687 689 690 690 689 688 686 683 680 678 674 672 671 668 658 648 642 635 631 630 629 623 617 611 609 607 603 598 595 592 591 589 586 584 584 584 585 587 591 591 592 594 596 597 600 600 599 599 600 601 601 598 595 592 589 583 580 579 576 573 573 573 573 571 571 573 575 577 579 583 588 592
645 648 651 651 650 652 654 655 654 655 657 658 660 663 665 668 671 674 676 678 680 684 687 689 690 691 692 689 687 687 687 682 676 674 673 670 662 651 645 643 638 635 635 631 624 619 612 609 604 601 597 595 592 589 587 585 586 586 588 593 598 600 601 603 604 607 609 608 606 607 608 608 606 602 598 596 593 590 588 584 579 576 574 575 574 573 572 574 576 577 579 584 588 592
648 651 655 658 660 660 661 662 664 664 665 665 666 668 669 671 673 675 677 680 683 686 689 689 689 691 692 690 689 689 688 686 681 678 676 674 665 655 651 648 645 642 643 638 633 628 622 614 608 604 602 599 594 591 588 588 588 589 592 597 601 606 608 609 612 615 617 617 614 613 614 613 610 604 600 598 595 594 593 590 585 581 577 575 575 574 573 574 575 577 580 585 588 591
651 654 660 665 666 665 664 666 668 669 671 673 676 677 677 678 678 679 680 682 685 688 690 690 690 691 693 694 692 691 690 688 686 682 682 676 669 661 660 660 656 651 648 643 638 634 629 621 612 607 604 599 595 591 590 592 594 596 600 603 607 610 612 615 616 618 622 623 622 620 620 617 613 608 603 600 599 599 596 594 592 588 582 579 576 574 572 572 575 577 580 584 588 592
651 655 661 666 667 666 666 667 669 672 676 679 682 682 681 681 683 683 683 683 685 688 690 691 692 693 695 696 695 693 692 690 687 686 683 679 676 673 669 665 662 657 652 646 641 636 630 622 615 609 603 598 593 591 592 595 599 602 604 609 614 616 616 619 621 624 628 630 629 628 627 624 619 615 610 606 604 602 600 597 595 591 588 582 578 574 571 572 574 577 580 585 589 594
650 653 659 664 666 666 667 668 671 675 679 684 685 685 683 683 684 685 684 683 684 687 689 691 693 694 695 696 695 694 693 691 689 688 686 684 683 682 674 670 665 661 654 648 642 636 628 621 615 609 603 598 595 594 595 598 603 606 612 618 622 623 625 627 629 633 636 638 635 633 634 631 626 622 619 612 609 607 603 599 595 591 587 583 577 574 572 573 574 577 581 585 590 595
648 651 656 661 664 666 667 669 673 677 680 683 685 685 685 684 684 686 686 685 686 687 688 689 691 693 694 695 695 695 693 692 691 690 688 687 686 683 677 672 667 660 653 647 642 635 628 619 613 608 602 597 595 597 599 603 607 611 617 624 628 631 634 636 637 641 643 643 639 637 639 638 633 629 625 622 617 613 607 604 597 591 585 582 578 575 575 574 576 577 581 585 589 594
644 650 653 656 662 665 666 668 672 675 678 681 682 683 684 685 686 687 688 687 688 688 688 688 690 692 693 694 695 694 693 692 692 691 689 688 687 684 679 674 668 661 653 647 641 635 627 618 612 607 601 597 597 600 602 605 608 614 619 626 633 638 642 643 645 649 649 647 644 642 643 642 637 633 632 629 623 618 613 606 600 594 587 582 579 577 575 575 576 578 580 583 587 592
636 642 648 650 653 659 661 665 668 672 676 679 680 681 681 683 684 687 688 688 687 686 687 687 689 690 692 692 693 693 691 691 691 690 690 689 688 683 676 672 666 658 650 643 637 632 625 617 614 608 603 601 603 605 607 609 612 616 622 629 636 642 647 652 655 658 657 656 653 650 649 648 642 636 634 631 624 618 613 608 602 595 588 584 580 577 575 575 578 579 579 582 587 592
630 636 640 644 648 652 656 660 666 669 673 676 676 676 677 678 681 685 687 686 685 685 685 685 685 687 688 689 690 690 689 689 689 689 688 687 685 681 674 666 660 654 647 641 635 630 624 621 619 616 609 607 610 612 613 614 617 622 627 634 639 648 656 658 660 664 666 664 660 655 651 647 641 636 634 631 626 621 615 611 603 594 588 583 580 577 576 576 578 580 582 584 588 591
622 629 633 637 642 647 652 658 663 667 669 670 670 671 672 674 679 683 683 683 682 683 684 684 683 684 685 685 685 685 686 688 687 686 684 683 682 679 673 665 657 653 647 640 634 631 629 629 628 625 619 617 620 621 620 619 624 628 634 640 649 656 660 662 664 667 669 669 666 659 651 644 638 635 633 631 626 621 617 612 605 595 588 583 580 578 577 577 577 581 583 586 588 591
615 621 626 631 636 641 646 652 657 661 662 664 665 665 668 672 677 679 678 677 678 679 680 681 680 679 679 679 679 680 682 684 684 683 681 680 681 678 672 664 657 651 645 642 638 637 638 639 638 634 629 628 628 629 630 629 631 635 639 645 653 660 665 667 669 672 673 670 666 659 650 643 636 634 633 630 623 618 615 610 602 594 589 584 581 579 578 578 581 583 586 587 589 593
612 615 620 626 631 636 640 642 648 653 656 659 662 663 665 667 671 672 671 672 674 676 677 677 675 674 673 673 675 676 677 679 680 680 679 679 679 676 673 667 659 653 651 650 650 650 650 649 647 643 639 635 633 638 643 639 640 641 645 650 657 664 668 672 674 676 675 670 661 653 647 641 638 635 633 628 620 615 612 606 597 592 587 583 580 578 578 580 583 588 589 588 591 596
612 613 614 618 623 628 633 636 640 647 650 654 658 659 661 662 665 666 668 669 671 672 672 672 671 669 668 670 672 673 674 675 676 677 677 678 679 678 676 670 664 661 660 660 659 660 659 657 657 655 650 648 646 651 652 648 650 652 655 659 664 666 670 674 676 677 674 666 658 650 644 641 638 635 630 623 618 613 607 599 592 588 584 581 579 577 578 580 584 588 591 592 593 598
615 614 613 614 618 623 628 631 635 639 644 648 652 655 657 659 661 662 663 665 666 667 667 667 666 665 665 667 667 669 671 672 673 673 675 677 679 680 679 676 674 669 667 667 668 670 670 668 668 664 658 657 658 663 662 660 663 664 665 669 672 671 674 677 678 676 670 662 653 645 640 636 634 631 626 620 616 610 603 596 591 587 582 580 579 578 580 582 584 589 593 595 598 602
621 617 614 616 618 620 621 625 629 634 640 643 646 649 652 655 657 658 659 661 662 662 662 661 659 659 661 662 662 664 666 669 670 671 673 674 676 678 679 679 677 676 677 678 679 679 678 677 675 672 668 666 670 670 669 670 671 671 672 678 680 679 679 679 678 672 665 653 644 639 635 630 627 623 620 615 611 605 600 594 589 584 582 581 580 581 583 585 587 590 593 597 602 607
627 623 619 619 620 618 616 617 622 626 631 636 639 641 644 648 651 652 653 655 656 656 657 656 654 654 656 657 658 659 662 665 668 670 670 671 674 677 679 681 680 680 683 686 685 683 681 683 683 681 680 679 679 679 676 676 677 677 679 681 683 681 680 678 674 668 659 646 638 633 631 626 621 618 615 611 608 603 596 591 587 584 581 582 582 583 586 588 590 593 596 601 607 613
633 629 625 626 624 621 618 617 621 623 626 627 629 632 635 640 642 644 647 650 651 652 652 653 651 650 652 654 655 656 660 663 667 668 669 671 674 676 679 680 681 682 684 687 687 686 686 686 688 689 690 689 687 687 688 687 687 687 687 685 682 679 677 673 668 661 653 642 633 629 625 622 618 616 612 607 603 599 593 588 586 583 583 583 584 584 586 588 591 597 602 607 614 619
641 637 632 630 630 628 624 620 621 622 622 622 623 627 631 634 637 640 643 646 647 648 648 649 647 647 648 651 653 655 657 662 666 667 668 671 673 675 677 678 680 681 683 685 686 687 688 689 690 693 696 694 694 694 694 692 689 690 689 685 680 678 675 670 665 656 646 638 631 626 621 618 617 613 606 601 597 594 590 586 585 583 583 584 584 586 588 590 593 599 604 610 616 622
648 642 639 637 636 633 629 626 623 622 621 620 621 623 627 629 632 635 638 641 643 643 644 643 641 641 643 646 650 652 655 659 663 664 666 669 671 672 674 675 677 679 680 682 685 687 689 689 690 692 694 695 696 697 695 693 689 687 686 682 678 675 671 667 660 650 642 635 628 623 617 614 611 607 601 597 595 591 587 585 585 584 584 585 586 587 590 593 596 601 606 612 620 627
651 648 646 643 642 639 638 633 628 626 624 624 623 623 624 625 625 627 631 634 635 634 637 637 636 636 637 640 646 650 653 654 658 660 663 666 668 668 669 671 674 675 677 679 683 685 686 688 688 690 692 694 695 695 695 692 689 685 683 679 674 669 664 657 652 642 634 628 623 618 613 609 604 601 598 595 592 588 586 586 586 587 588 589 590 591 594 596 599 603 609 615 623 630
655 652 648 646 645 645 646 640 636 634 632 631 628 627 626 622 620 622 625 628 628 630 631 633 632 633 634 637 641 646 647 649 652 656 659 662 664 663 664 666 670 672 673 675 678 680 682 685 686 688 690 692 693 695 693 691 687 683 679 674 669 662 656 649 641 635 629 622 616 610 606 603 599 597 594 591 589 588 586 586 587 589 591 593 594 597 600 600 601 604 610 617 623 631
657 654 651 648 650 651 647 644 642 640 639 637 635 635 631 627 623 622 625 625 627 628 630 630 630 631 632 634 637 640 643 645 649 652 654 656 657 658 659 662 665 667 668 670 672 674 678 682 684 685 687 689 691 692 691 689 685 682 679 673 665 658 650 643 636 631 624 618 613 606 600 597 595 593 590 588 588 588 587 587 589 593 596 598 600 604 607 606 603 605 609 617 625 633
660 659 658 657 658 654 652 651 648 646 644 643 642 642 640 636 632 630 629 629 630 630 631 632 632 632 633 634 636 638 641 643 644 646 650 650 652 653 655 656 659 662 664 666 667 669 673 677 680 682 684 686 688 690 689 687 683 679 677 671 662 653 646 639 630 624 617 613 609 602 596 595 592 590 588 587 589 590 591 592 595 599 603 607 607 609 612 610 606 606 610 620 631 638
663 664 665 665 663 661 659 660 658 654 651 650 649 647 647 645 641 639 636 635 635 635 635 637 636 635 635 636 637 638 638 639 641 644 647 649 649 652 653 654 657 660 661 662 665 667 670 673 677 680 684 686 686 686 685 683 680 675 672 668 658 650 640 632 624 616 608 607 604 597 594 593 592 593 592 591 592 597 600 601 602 606 611 614 618 620 618 615 611 610 616 624 631 641
668 670 670 670 670 667 667 669 670 664 659 657 655 653 652 649 647 645 643 641 640 638 639 639 639 639 639 640 639 638 637 638 641 645 648 649 650 652 653 655 658 660 661 663 665 669 671 674 678 682 685 686 685 683 680 678 674 669 664 660 653 644 633 624 615 608 603 599 597 594 592 592 596 600 601 600 601 605 608 610 612 616 618 624 629 630 625 619 616 617 621 626 633 642
672 674 674 674 675 674 673 674 676 673 668 665 660 658 655 652 649 647 644 642 642 642 644 643 643 643 644 644 642 641 639 641 644 649 651 651 653 655 657 659 660 661 664 666 670 672 673 675 679 683 686 684 682 680 677 675 671 663 657 654 648 638 626 617 610 604 600 597 595 593 593 597 601 607 611 612 614 613 616 619 623 628 629 632 635 633 630 626 624 623 626 629 634 643
675 677 677 678 681 681 680 679 680 679 676 672 666 662 658 656 652 649 647 646 646 647 647 649 648 649 648 647 646 644 644 646 650 652 655 657 659 661 663 663 663 664 666 671 674 675 675 676 680 683 683 681 679 678 676 671 665 657 650 645 639 631 622 616 608 602 600 597 596 597 600 603 608 614 619 625 622 622 624 630 633 637 638 639 639 637 635 633 631 628 627 629 635 645
677 681 681 683 685 687 686 685 684 685 682 677 671 667 664 661 657 652 651 651 652 653 654 655 656 656 656 654 650 647 647 652 656 658 660 664 665 666 669 669 667 667 669 673 677 677 677 679 682 684 683 680 677 675 670 665 659 650 643 637 632 624 619 612 607 602 599 598 597 601 605 612 617 622 630 633 635 636 640 643 644 647 648 646 645 644 641 641 639 634 631 633 639 647
678 682 683 684 688 690 692 690 689 690 688 683 678 673 669 665 662 658 657 658 658 659 661 663 663 663 662 661 655 649 651 656 659 661 663 667 670 672 673 673 671 671 673 677 680 681 681 682 684 684 682 678 674 670 664 657 651 642 635 631 625 618 614 609 603 599 599 598 599 603 613 622 630 633 639 645 648 651 651 649 650 653 653 653 653 653 653 650 648 643 638 640 644 650
678 684 685 687 689 692 695 695 693 694 692 687 685 681 676 673 670 667 666 666 667 669 668 668 668 666 665 663 659 656 656 659 661 662 666 671 676 679 680 677 678 678 681 684 686 686 685 685 684 682 679 676 673 667 658 652 646 637 630 625 620 614 609 603 598 597 598 600 604 612 623 632 641 646 649 654 656 660 664 662 662 661 663 662 663 662 661 660 656 651 646 648 650 654
678 683 687 688 691 694 698 699 700 700 699 695 691 691 686 682 678 674 672 673 675 676 675 674 673 671 670 667 665 662 662 662 664 665 670 675 681 684 687 688 687 689 689 689 691 690 688 686 683 681 677 675 670 664 656 648 643 635 627 622 617 611 606 601 598 597 597 601 608 618 625 636 647 652 655 657 662 670 674 673 673 675 673 671 670 670 669 669 665 661 654 652 655 660
672 679 685 689 692 696 700 702 703 705 704 703 702 698 694 690 688 685 683 682 683 684 686 684 683 681 677 674 671 670 668 667 668 671 675 680 685 691 697 699 700 697 696 696 696 693 690 688 685 681 677 671 666 660 655 646 639 634 626 619 612 606 603 601 599 597 598 602 610 620 628 638 649 656 660 664 669 673 679 678 678 679 679 678 677 678 678 676 674 669 663 657 659 664
665 674 684 689 694 699 702 703 705 708 709 710 709 705 701 699 699 696 693 691 692 695 696 694 693 691 686 682 679 678 676 676 679 681 684 688 693 698 703 707 707 704 705 703 700 695 693 691 688 680 673 669 665 659 650 644 638 632 624 615 607 603 601 600 598 598 599 603 614 623 631 640 650 658 666 673 675 678 682 684 684 685 686 687 689 687 685 683 680 676 670 668 667 671
660 669 680 691 696 701 704 706 710 713 715 717 716 713 708 707 707 707 703 702 703 707 703 702 701 700 696 692 687 683 683 684 686 689 693 699 704 705 708 711 711 710 710 710 706 700 695 692 686 679 672 669 667 656 648 642 637 630 623 614 607 602 600 599 598 597 599 606 615 623 630 642 652 661 669 676 682 685 689 692 693 693 694 697 697 694 693 690 686 682 679 679 679 683
