data/aita_al_shaab.asc
ncols        438
nrows        262
xllcorner    35.294027777806
yllcorner    33.060138888885
cellsize     0.000277777778
NODATA_value -32768
[rows 126 to 167 of 262, columns 0 to 93 of 438]
573 577 581 586 589 594 598 602 606 609 613 620 626 629 629 629 630 630 628 626 622 619 619 620 618 618 621 620 621 620 619 616 612 609 604 598 596 599 603 608 613 616 621 624 630 632 636 637 637 634 631 629 629 628 625 623 622 620 616 611 608 604 599 594 590 584 577 568 559 557 556 558 559 559 558 557 558 559 560 560 561 559 557 559 562 569 575 578 585 595 602 608 612 616
567 570 573 579 583 585 588 592 597 600 604 610 615 619 622 623 621 621 620 618 613 611 611 611 609 609 609 609 609 608 606 604 603 599 594 590 592 595 599 604 610 613 616 621 624 628 631 633 635 632 628 626 625 623 620 618 616 612 607 605 602 599 597 591 586 578 569 561 555 552 550 551 553 554 554 554 555 558 562 565 569 572 572 571 574 580 584 587 595 603 609 614 619 624
559 560 563 567 572 576 580 585 589 592 597 602 607 611 614 616 615 615 613 610 607 606 603 600 598 599 600 598 598 597 596 594 592 589 584 583 585 590 594 599 605 609 614 617 619 621 624 628 629 627 624 623 621 619 616 613 610 605 601 599 596 594 591 586 578 571 564 557 553 550 550 550 554 557 558 558 560 563 568 573 577 584 588 591 593 594 596 600 605 611 618 624 631 635
550 552 557 561 566 571 577 582 585 588 594 599 603 605 608 610 611 610 610 606 604 601 597 594 591 589 588 587 588 589 589 586 583 579 576 574 575 580 587 594 597 601 606 612 614 615 617 621 623 622 621 620 618 615 612 609 605 601 597 594 591 587 583 580 574 568 560 554 549 549 552 556 563 567 569 571 570 573 577 581 586 593 600 602 605 608 612 617 619 624 630 636 642 644
545 549 556 561 567 572 577 581 584 587 592 596 600 602 605 606 607 608 607 604 600 597 593 590 585 582 580 579 581 581 579 577 573 570 567 565 565 571 579 586 591 594 600 605 610 611 613 615 617 618 618 618 615 611 608 605 601 598 593 590 587 582 579 576 571 565 559 551 547 550 558 566 572 577 580 582 584 585 590 592 595 605 609 610 614 622 629 629 630 634 640 644 647 651
543 550 557 563 569 574 578 582 583 586 591 594 598 603 604 604 604 605 604 600 596 592 589 584 580 577 575 573 573 572 568 567 564 562 559 557 559 566 574 581 585 591 595 598 601 605 606 609 611 611 612 613 611 607 603 600 597 593 589 586 583 580 576 571 566 561 554 548 546 551 563 573 581 583 587 588 589 596 601 602 609 614 618 620 624 631 634 635 638 642 646 649 652 654
542 549 556 562 568 573 578 583 584 587 591 595 598 601 602 601 601 602 601 597 593 589 584 580 575 571 569 567 564 559 558 557 557 555 552 551 555 562 568 574 577 580 586 589 590 594 600 602 605 606 606 607 606 603 600 597 592 588 585 584 580 576 571 566 562 556 550 546 547 554 567 580 582 586 590 593 597 604 609 613 617 621 625 628 631 635 639 641 644 648 651 654 656 660
540 545 553 560 565 569 575 581 583 585 590 593 594 596 598 596 596 596 595 592 589 584 580 576 573 569 565 561 558 553 547 549 549 547 545 545 548 554 558 563 569 573 576 580 582 586 591 595 598 599 600 600 599 598 597 593 588 584 583 580 575 571 566 562 557 553 547 545 549 557 572 579 583 587 594 600 604 609 615 619 622 625 629 633 638 640 642 646 649 652 654 660 662 664
538 543 551 555 560 564 570 575 577 579 583 585 587 590 590 590 589 590 588 588 585 582 578 575 572 570 566 563 558 552 546 544 542 538 537 538 540 545 551 559 565 568 571 573 576 578 581 586 589 589 591 590 587 588 587 587 585 583 580 575 570 565 559 553 549 547 544 545 552 563 573 581 585 592 597 603 607 613 618 621 624 628 632 637 641 644 647 649 652 655 660 666 666 670
538 542 547 553 556 559 562 567 570 573 576 579 581 582 583 583 584 585 585 584 583 581 579 575 573 571 570 566 560 555 550 544 537 532 530 530 534 539 547 554 560 563 566 567 569 571 572 575 576 578 582 581 580 578 577 575 575 575 571 567 563 555 549 546 544 544 544 546 554 563 571 579 587 593 597 602 608 614 618 621 624 628 632 636 640 645 649 651 654 658 666 671 675 677
538 542 547 553 556 557 559 563 567 570 572 574 575 577 578 578 578 579 580 580 580 580 579 577 575 574 573 568 561 554 548 543 535 529 526 526 530 535 541 549 552 555 558 561 563 563 563 565 567 570 571 572 571 570 568 566 565 564 562 558 551 547 544 542 542 543 545 546 550 557 566 573 582 589 595 600 605 610 613 617 622 627 631 635 640 645 649 651 653 657 666 673 679 683
536 541 545 550 553 555 558 561 564 566 568 570 572 574 574 573 573 573 575 576 577 578 579 578 575 574 569 564 558 551 544 539 535 528 525 526 531 535 539 541 545 547 551 555 557 556 557 558 560 561 562 563 562 563 563 561 559 557 555 548 543 540 538 538 540 543 546 549 550 557 564 572 579 587 593 598 602 608 611 614 620 627 631 635 640 646 649 651 651 657 665 673 678 682
532 539 543 546 550 553 557 560 561 563 565 567 568 569 569 569 571 571 572 574 574 576 577 576 573 569 565 559 554 548 540 536 531 526 526 526 528 532 535 538 542 545 547 549 549 549 547 549 550 552 555 556 556 558 557 555 552 550 547 542 537 534 534 537 541 546 553 555 560 564 569 577 584 590 594 599 605 612 615 619 624 628 633 637 642 647 651 654 656 660 666 671 675 678
528 535 542 545 547 551 554 556 557 559 561 563 563 564 564 566 569 570 572 572 573 574 576 574 570 566 561 556 551 545 539 532 524 521 522 524 526 530 535 539 541 541 541 541 539 537 536 538 541 544 547 549 549 550 550 549 546 545 542 538 535 532 533 540 549 556 561 568 573 576 581 585 591 595 599 605 612 617 620 623 627 632 636 641 645 649 652 655 658 660 664 667 671 678
524 531 537 542 544 547 549 552 554 555 556 558 559 560 561 564 567 569 571 571 571 573 574 572 566 564 560 553 547 541 536 528 521 517 518 519 523 528 534 536 537 535 534 531 529 529 529 531 534 536 538 540 542 543 544 542 541 539 538 537 535 534 540 549 558 562 568 574 579 585 591 593 597 601 604 609 616 621 624 628 631 635 640 644 648 651 654 657 660 662 663 666 671 676
524 527 531 536 540 542 544 547 550 551 551 553 554 554 557 561 564 565 567 567 568 570 571 568 563 559 556 550 544 537 531 524 518 515 514 516 518 522 525 528 527 526 524 521 521 523 524 525 527 528 531 533 535 535 534 534 532 531 533 536 537 543 549 559 565 567 571 576 585 592 595 600 605 608 608 612 618 623 628 631 635 640 645 648 651 653 656 658 662 665 668 671 674 678
524 526 528 532 535 538 540 543 544 545 546 548 549 550 553 556 559 561 562 563 564 565 565 562 559 556 551 546 540 534 528 522 517 513 512 512 514 516 518 519 519 519 517 517 517 519 521 522 523 524 526 529 529 528 527 528 526 529 534 540 544 550 557 562 568 573 575 582 593 600 601 605 611 613 613 617 621 626 629 634 639 643 648 650 653 655 657 661 665 670 675 677 678 680
523 525 527 530 533 535 537 538 540 540 541 544 546 547 550 554 557 558 559 560 560 560 560 559 555 551 546 542 537 531 524 520 515 512 510 510 510 512 514 515 514 514 516 518 519 520 522 524 525 526 526 527 528 527 527 528 530 533 541 547 551 555 560 565 571 578 585 589 599 605 607 611 615 618 620 622 625 628 632 636 640 645 649 651 654 658 661 664 669 673 677 679 681 683
522 524 526 529 532 533 534 535 536 537 538 542 543 545 548 552 555 556 556 554 555 556 556 554 550 546 541 538 533 526 521 516 511 510 510 510 510 510 512 513 513 514 518 520 523 525 528 530 534 536 533 532 531 531 532 534 536 542 547 551 555 561 569 573 575 584 594 599 603 608 612 615 619 621 625 627 630 633 636 638 642 647 650 652 656 659 662 665 670 675 678 680 683 685
523 524 526 527 528 529 530 531 533 535 536 539 543 544 547 550 551 553 552 550 551 551 549 547 542 536 532 530 526 520 516 512 510 510 511 511 511 512 514 515 516 518 521 525 527 530 533 535 538 541 541 539 539 541 541 544 547 551 553 557 564 573 577 580 584 594 600 604 607 610 613 617 621 624 628 631 634 637 639 641 644 648 650 652 655 659 662 665 671 676 678 681 685 688
524 525 526 526 524 524 525 527 530 532 533 536 540 542 545 546 547 546 546 544 544 541 539 537 532 527 525 522 519 514 511 510 510 512 513 513 513 515 517 520 523 526 527 530 532 534 536 538 540 543 544 544 544 546 549 551 554 555 559 564 572 578 581 583 588 597 602 604 607 611 615 617 620 625 628 632 635 638 639 641 643 648 650 651 655 658 662 666 671 675 678 682 688 691
526 527 527 525 522 520 521 524 527 529 531 533 534 538 541 542 541 540 538 537 535 532 529 527 523 520 516 514 511 510 509 509 509 511 512 513 515 517 520 523 527 530 533 534 535 536 538 540 544 545 545 545 547 548 550 552 555 557 560 567 574 577 582 586 592 597 602 603 608 612 614 615 618 622 626 629 633 636 638 639 642 646 648 651 655 659 662 666 669 674 679 685 689 692
527 526 525 522 519 518 518 519 523 527 530 532 533 534 536 536 535 534 531 529 527 524 521 518 516 512 510 508 508 509 508 508 509 511 512 514 516 518 519 521 524 529 532 533 534 535 538 542 544 544 545 545 547 548 550 552 555 558 563 568 572 576 583 590 592 596 598 600 605 609 612 614 616 620 624 625 629 632 634 637 640 644 647 651 655 660 663 666 670 675 681 686 689 692
525 523 522 520 518 516 515 517 521 525 528 529 530 531 532 533 532 527 524 522 519 514 511 509 508 507 506 507 508 509 510 510 511 512 513 515 516 517 518 519 521 524 527 528 529 532 535 538 539 540 542 544 545 546 548 550 554 559 565 570 573 576 581 587 590 593 594 596 597 602 607 610 613 616 618 620 623 627 630 633 637 641 644 648 655 661 665 669 674 678 681 685 691 693
523 521 520 518 516 514 514 516 520 524 525 524 524 524 525 526 523 520 515 514 511 508 506 505 505 506 507 509 512 515 515 515 515 514 515 515 515 515 516 516 518 521 524 525 526 529 531 532 534 536 538 540 542 541 544 547 551 556 564 570 573 573 576 582 585 588 591 593 594 596 599 604 608 610 612 615 618 623 626 629 633 637 640 645 652 659 664 668 675 679 681 687 692 693
522 520 518 516 514 513 513 515 517 519 519 519 519 518 518 516 512 509 507 506 505 505 505 506 508 509 511 515 518 521 522 522 519 519 518 518 517 516 516 517 519 523 526 527 528 530 532 532 534 535 536 537 541 543 543 545 549 552 559 568 571 570 571 576 578 580 583 589 590 591 596 601 606 608 610 612 616 619 621 625 629 635 639 643 650 656 660 664 670 676 681 686 689 690
520 518 516 515 514 512 512 513 514 514 513 513 513 513 511 508 505 503 501 500 501 503 504 508 512 515 519 521 523 526 527 527 527 525 524 524 523 521 520 520 523 527 531 532 534 538 538 537 537 540 541 542 543 548 550 551 552 554 557 562 566 567 570 572 575 577 583 588 592 593 600 607 610 611 612 614 618 620 621 622 626 631 637 641 647 653 656 660 665 671 676 679 683 684
519 516 515 513 511 510 510 510 510 510 510 509 509 508 506 504 502 500 498 499 501 503 506 510 515 520 525 525 526 528 529 529 529 529 528 528 527 526 524 524 527 531 534 538 542 545 545 543 545 550 553 551 552 555 559 559 560 559 560 563 566 570 571 573 577 582 588 594 597 601 606 612 615 617 618 622 625 626 625 624 625 630 635 639 644 650 654 657 660 665 670 673 677 680
515 514 513 510 507 505 505 505 505 505 506 507 507 506 504 502 501 499 499 500 502 504 506 510 515 521 524 525 525 527 529 531 532 533 533 532 531 531 529 528 530 532 535 538 542 547 549 550 553 558 559 561 560 564 565 566 568 568 567 570 572 574 576 579 583 588 597 605 610 612 617 622 623 623 627 632 633 633 633 632 632 634 637 641 645 649 652 655 658 662 667 671 674 677
510 509 508 506 503 501 501 501 502 502 503 504 503 503 502 501 500 499 500 500 501 502 506 509 513 516 519 522 525 527 530 532 534 535 535 535 536 535 533 532 533 534 537 539 545 549 552 553 559 561 563 566 568 569 571 573 577 578 578 579 580 582 583 587 591 597 604 612 615 619 625 628 629 631 636 640 643 641 641 641 642 642 642 643 645 648 650 653 657 662 667 672 675 677
504 503 503 502 499 498 498 499 499 500 500 500 499 499 499 500 500 499 499 500 500 503 507 510 511 514 517 521 525 529 530 532 534 535 536 537 538 537 536 535 536 540 544 548 551 555 556 560 564 567 570 572 574 576 580 583 586 587 587 589 590 593 593 596 598 604 612 618 622 625 629 631 633 636 643 646 648 648 647 648 650 650 648 647 647 647 650 653 656 661 668 674 679 681
499 499 500 498 496 495 496 496 497 497 497 497 495 496 497 499 500 500 500 500 502 505 508 509 510 511 515 519 523 526 528 531 533 534 536 539 541 541 540 540 541 546 553 556 558 559 562 563 566 572 575 577 578 582 585 589 593 594 594 596 600 603 605 606 608 616 619 623 627 631 633 635 639 644 648 650 652 652 652 655 656 656 654 653 652 650 652 655 658 660 668 674 681 684
493 495 495 495 493 493 494 494 495 494 494 494 495 496 498 501 503 504 504 505 506 508 510 511 510 511 513 517 520 523 527 529 531 533 536 541 544 544 544 546 549 552 556 559 561 562 565 567 569 574 577 581 583 585 589 593 597 599 602 604 608 611 613 613 617 623 627 629 634 637 639 640 644 649 651 653 655 657 657 659 660 659 659 661 656 653 656 659 661 665 670 678 683 685
491 492 493 492 492 492 492 493 494 493 492 493 495 498 501 505 508 510 511 511 512 513 515 515 514 512 514 517 519 523 525 527 530 533 538 543 545 546 548 550 553 555 558 560 562 565 568 572 575 577 582 586 588 588 591 595 598 601 606 610 615 620 622 623 625 629 633 636 639 642 645 649 650 653 655 657 660 661 662 664 666 667 665 665 662 661 663 663 664 666 672 678 683 684
492 492 492 493 493 493 492 493 494 494 494 495 497 501 505 510 514 517 518 518 517 519 520 520 518 516 516 518 520 522 525 528 531 534 539 543 544 545 547 549 552 555 558 561 564 567 570 577 580 582 585 589 590 591 595 601 605 607 612 618 624 628 631 632 634 637 639 641 644 648 654 657 659 660 662 664 665 670 673 673 673 673 675 673 671 671 671 669 668 670 672 678 680 683
496 495 495 495 495 493 492 492 494 495 496 497 500 503 508 513 517 522 523 523 522 523 524 524 522 519 520 522 524 525 526 528 530 532 536 540 541 543 545 547 550 554 558 561 565 568 573 577 582 585 587 591 593 595 601 609 614 617 621 626 631 634 636 638 640 643 644 645 649 654 658 664 668 670 674 676 676 680 683 680 678 680 683 683 683 679 677 675 673 673 675 677 680 683
502 500 499 498 496 493 491 492 494 496 497 498 502 506 511 514 520 524 527 528 527 527 527 527 526 525 526 528 530 530 529 529 529 530 534 538 540 542 544 546 549 553 557 560 565 570 574 577 583 588 591 595 598 602 606 612 618 622 625 631 635 636 638 642 645 647 649 651 654 659 663 669 673 676 680 683 686 686 686 687 686 686 688 689 689 687 684 679 675 675 676 678 681 683
507 504 501 498 496 493 492 492 494 495 497 500 504 508 513 517 522 527 530 531 532 532 533 533 533 533 533 534 534 534 533 533 533 533 535 539 541 543 547 549 550 553 556 561 566 571 575 578 583 588 593 598 602 606 609 613 618 622 627 633 637 639 642 645 648 650 653 655 660 663 667 672 676 678 682 686 690 691 690 690 690 690 691 692 691 690 685 680 676 675 676 679 683 686
509 506 503 501 498 496 494 493 492 494 499 502 506 511 517 521 525 529 532 533 535 537 538 538 539 540 540 539 538 538 538 538 538 539 542 544 546 548 551 554 554 556 559 564 568 573 576 578 582 588 593 600 604 608 611 614 618 625 631 635 639 643 645 648 650 652 655 658 661 664 669 674 680 685 687 690 693 693 692 691 691 691 691 690 690 688 684 680 678 676 677 680 683 685
511 508 505 504 502 499 497 495 494 496 500 504 509 514 521 525 529 533 534 537 539 541 542 543 543 544 545 545 545 545 545 544 544 545 546 548 551 555 557 555 556 558 564 568 572 576 578 581 585 589 594 600 604 608 611 615 621 627 632 636 641 646 650 651 653 655 658 661 665 669 674 679 684 689 690 690 691 691 690 689 689 689 687 686 686 685 684 681 678 677 678 680 682 684
517 512 509 507 505 503 500 498 497 497 500 503 508 515 520 526 530 533 536 540 542 544 545 545 545 546 548 549 550 550 548 548 548 549 552 553 556 559 562 563 564 567 574 578 580 582 584 586 589 590 594 597 602 606 611 616 620 626 630 635 642 647 651 652 654 658 663 667 671 675 679 681 683 686 688 688 688 688 687 687 688 686 685 683 683 683 683 681 678 678 679 681 683 686
522 521 518 512 508 505 504 502 499 498 500 501 505 511 518 526 531 534 537 541 543 546 548 548 548 549 551 553 554 553 553 552 551 554 558 560 564 566 568 570 572 578 581 584 586 587 587 588 590 591 593 596 600 605 612 616 621 626 629 635 640 645 648 653 656 661 667 671 674 677 680 681 681 682 683 684 685 685 685 686 686 685 683 681 680 680 681 679 678 678 681 683 685 687
