data/baabda.asc
ncols        334
nrows        242
xllcorner    35.509861111140
yllcorner    33.800972222219
cellsize     0.000277777778
NODATA_value -32768
[rows 44 to 87 of 242, columns 0 to 95 of 334]
43 41 42 43 44 42 40 38 40 43 46 45 42 38 37 39 41 40 40 40 40 35 33 35 37 36 37 38 39 39 39 40 40 38 33 30 30 31 31 31 33 36 39 39 37 35 36 37 38 38 40 42 44 45 43 43 43 44 48 49 47 45 44 42 42 43 44 44 43 49 56 59 58 55 49 47 48 50 51 52 53 54 56 59 61 61 61 64 68 72 73 74 77 80 83 86
44 43 42 44 44 43 42 42 41 43 45 44 41 39 40 41 39 37 36 37 36 34 34 36 36 37 37 37 36 36 38 39 39 36 32 30 31 33 34 34 36 37 41 41 39 38 38 39 38 37 39 42 45 47 47 47 46 47 48 49 47 47 46 45 43 43 43 43 45 48 53 56 57 54 51 49 50 52 54 55 55 57 59 61 62 63 63 65 69 72 74 76 80 83 86 88
44 44 44 44 45 45 44 42 43 44 44 42 39 38 37 36 34 32 31 32 33 34 37 37 37 36 36 35 33 34 34 35 36 34 32 31 33 34 36 37 37 38 40 41 38 38 38 38 38 37 39 42 45 47 48 47 47 46 45 46 46 46 48 44 43 43 42 43 45 48 51 53 53 52 52 53 53 55 56 56 57 59 62 61 63 64 65 66 68 71 74 78 81 85 87 88
43 44 44 44 45 46 43 42 42 44 44 40 37 35 32 29 30 30 30 32 33 35 37 36 37 37 37 36 35 34 31 31 32 31 31 31 32 34 35 37 38 37 39 40 40 38 39 39 39 39 39 43 46 47 47 46 46 45 43 43 42 43 43 42 41 41 42 44 46 48 51 54 53 52 53 54 55 56 57 58 59 64 66 65 61 63 65 66 68 72 76 79 82 84 88 89
43 44 45 46 46 45 43 41 42 42 42 39 37 35 31 29 29 31 31 32 33 35 36 37 38 38 39 39 38 35 30 29 30 30 31 31 34 34 35 37 37 37 39 41 41 40 39 40 40 41 44 47 50 48 47 46 47 46 44 40 40 39 40 41 42 43 46 47 48 50 52 55 55 54 55 56 56 57 58 59 63 67 72 69 65 63 64 66 68 71 75 80 80 83 87 90
46 47 47 49 47 45 43 44 42 41 39 38 37 35 32 31 31 32 33 33 34 37 39 41 39 39 39 39 37 33 30 29 30 31 33 36 36 35 36 36 36 37 39 41 39 38 36 35 38 42 46 51 49 48 47 47 47 46 42 41 40 41 42 42 44 46 47 48 48 50 53 53 55 57 58 57 57 58 60 64 66 70 74 73 68 65 65 68 70 70 74 77 79 81 86 90
47 46 46 47 46 42 42 42 41 37 36 36 36 36 35 35 36 36 36 34 34 36 40 40 38 35 36 37 36 32 30 31 33 34 35 38 37 36 35 35 35 35 39 40 39 36 34 34 36 40 43 44 45 44 45 45 46 45 43 43 44 45 44 43 44 45 44 44 46 49 50 53 56 58 59 59 59 59 63 68 71 74 75 75 71 66 66 70 73 73 74 77 80 82 85 89
43 41 41 43 43 41 39 38 37 36 37 36 37 38 38 38 37 38 37 36 34 35 36 37 33 32 33 37 36 33 30 33 36 35 36 38 39 38 37 36 33 33 35 38 37 35 34 36 37 38 38 40 42 44 46 47 46 44 44 45 46 46 44 43 44 44 44 44 47 49 51 54 57 58 59 59 60 62 67 71 75 77 78 78 75 70 67 72 76 77 77 80 81 83 85 88
39 37 37 39 40 40 38 36 35 37 38 38 38 39 39 37 36 36 38 37 36 33 31 32 33 33 35 37 38 35 33 35 37 35 33 37 40 40 38 36 33 31 32 36 38 37 37 38 39 39 39 40 43 47 50 50 47 43 44 47 47 46 46 46 46 46 45 46 48 51 52 53 56 57 59 60 62 66 69 73 75 77 78 80 79 75 71 72 76 78 79 81 84 86 86 89
40 38 38 38 40 41 40 37 37 38 39 37 36 37 37 36 35 37 40 40 37 32 29 32 35 36 36 37 39 38 36 36 39 38 37 38 39 39 38 37 35 33 36 39 41 40 39 38 38 39 40 41 45 49 52 50 46 44 46 48 48 47 48 48 48 47 48 48 49 49 51 52 55 58 60 63 65 68 72 75 76 76 79 82 82 79 75 74 76 78 79 83 88 89 90 92
42 40 39 40 42 41 39 36 36 38 38 36 34 34 35 35 36 39 44 44 40 34 31 31 34 35 35 36 39 38 35 35 37 40 41 41 40 38 38 39 38 36 38 43 45 43 41 39 39 39 40 40 43 49 51 50 48 47 50 52 51 48 48 49 48 48 49 49 49 50 50 53 55 59 63 66 68 71 75 77 76 77 82 86 85 83 80 77 78 79 81 85 89 91 91 93
44 41 40 41 41 39 37 35 36 37 36 35 34 35 35 34 35 38 45 46 41 37 33 32 33 35 36 38 38 37 34 33 34 36 38 39 38 38 39 39 38 37 40 45 47 46 42 40 39 39 39 38 39 44 49 50 50 50 51 53 52 50 49 49 49 48 49 50 52 51 53 55 57 60 64 67 69 73 77 80 81 85 86 87 86 84 81 80 81 83 85 85 89 91 92 93
44 41 41 41 40 37 36 35 36 37 37 35 36 38 35 33 33 35 38 40 39 37 37 35 35 36 38 40 38 37 35 35 34 33 34 34 36 37 38 39 38 39 42 45 47 45 42 39 38 38 38 37 38 42 47 50 49 48 48 49 51 50 50 50 50 50 49 50 51 53 55 57 59 61 63 65 68 75 87 91 97 97 94 89 84 82 81 81 82 84 86 87 90 93 94 94
42 42 41 40 38 36 35 35 35 36 35 36 38 38 35 32 32 31 31 31 32 34 36 36 37 37 40 40 38 36 36 37 35 34 33 35 36 37 39 41 42 43 45 45 44 40 38 37 36 37 37 37 38 42 47 49 47 45 45 46 49 50 50 50 51 50 51 50 51 53 55 59 60 61 62 62 65 79 98 105 105 105 101 91 84 81 80 81 82 84 86 89 91 93 94 96
40 41 39 36 36 36 34 32 32 35 36 37 39 38 35 31 29 28 27 28 29 30 33 35 35 38 42 41 38 36 36 36 36 34 34 37 39 39 42 45 47 47 47 45 41 38 37 37 37 39 38 39 39 41 46 47 44 43 44 45 48 50 50 50 49 49 50 50 51 52 55 57 59 59 60 62 66 84 101 109 108 106 101 90 86 82 81 82 83 85 88 91 92 94 96 100
39 39 38 37 37 37 34 29 29 33 35 37 39 38 36 32 29 28 29 30 31 30 31 34 36 38 42 39 36 34 34 35 35 34 34 36 38 41 45 48 48 47 45 43 40 39 38 38 40 42 44 43 43 44 45 45 43 43 44 45 48 49 50 49 47 47 48 50 52 54 55 57 58 59 61 64 72 85 98 100 101 97 92 90 87 85 83 84 86 88 90 92 93 94 98 103
40 39 38 37 39 38 34 30 30 31 34 35 38 38 34 31 30 33 37 39 37 35 34 36 36 38 39 38 36 35 35 35 35 35 34 35 39 42 44 46 47 46 44 41 40 38 38 37 38 44 46 47 46 45 46 44 42 44 44 45 47 49 49 49 49 48 49 51 54 57 59 59 59 60 62 65 73 84 89 91 90 90 88 87 88 86 85 84 88 92 93 93 94 96 100 104
38 38 36 35 35 35 34 32 30 32 35 37 38 37 35 33 33 38 46 48 45 40 38 37 37 37 37 37 38 39 38 38 37 38 37 39 42 43 43 44 46 46 43 41 39 38 38 38 38 38 42 43 44 44 44 43 44 46 45 44 47 48 50 51 51 52 52 54 59 64 64 62 60 60 62 65 71 78 84 85 85 85 86 86 87 86 83 84 88 93 93 93 94 97 100 103
37 36 34 33 32 33 34 32 31 32 38 41 42 41 40 37 37 42 50 52 46 41 38 37 35 35 35 38 41 43 40 37 39 38 37 38 41 41 40 41 44 44 42 41 40 40 40 41 37 34 34 37 39 43 45 46 47 46 44 43 46 49 51 52 53 52 53 57 62 65 65 63 61 62 63 66 71 77 80 82 83 84 85 85 85 84 83 84 89 93 93 93 94 97 100 103
35 33 32 31 32 33 36 35 34 36 40 43 44 43 41 41 40 43 46 48 45 40 37 35 34 34 35 38 44 44 40 37 35 34 34 37 39 40 40 42 44 45 43 43 43 41 42 41 37 33 30 34 39 44 47 48 49 46 43 42 46 49 51 52 52 52 54 59 64 64 62 61 62 63 64 66 71 73 76 77 79 82 83 84 86 85 84 86 89 92 92 92 94 97 100 103
33 33 31 31 33 37 39 38 37 40 42 42 41 41 43 44 44 43 44 46 44 41 38 37 36 35 34 37 41 42 40 36 33 31 32 35 38 39 40 43 46 46 45 44 42 39 38 38 36 33 31 33 38 42 45 48 48 48 46 45 47 49 51 50 49 50 54 60 64 64 61 61 63 65 66 67 69 70 72 73 75 77 82 84 85 84 84 86 89 91 91 92 95 97 100 102
33 33 34 36 39 41 40 38 38 41 42 41 41 41 44 46 46 46 45 45 41 38 38 40 41 39 36 35 36 37 37 35 32 31 34 37 39 40 41 42 43 43 42 42 40 37 37 38 39 37 37 36 38 41 45 46 47 48 48 48 48 50 51 50 49 49 53 59 63 63 62 62 65 67 68 70 71 70 72 73 73 76 80 83 82 82 81 83 87 90 92 94 96 97 99 101
34 34 36 38 39 40 40 39 40 43 45 45 43 43 45 47 49 50 49 45 40 39 41 45 46 42 39 35 34 33 34 34 34 34 38 40 43 45 45 44 44 44 44 41 39 38 39 42 44 43 42 41 41 42 44 46 48 49 50 49 49 51 54 54 53 53 55 59 62 64 63 63 65 68 70 73 75 75 76 75 75 76 80 82 82 81 81 83 87 91 93 95 96 97 99 100
37 38 38 39 39 39 40 41 43 46 48 48 47 47 48 48 48 49 48 44 41 40 45 49 47 42 38 36 35 36 36 36 36 38 41 43 46 48 49 50 51 53 48 44 41 40 41 45 47 46 45 44 42 42 44 46 47 49 50 50 50 53 55 56 56 57 58 60 63 65 64 63 65 68 70 73 76 77 78 78 77 79 82 83 83 83 84 84 87 90 94 95 96 97 99 99
38 39 40 43 43 44 45 46 46 49 50 49 49 49 50 48 45 44 45 45 42 40 44 46 44 41 38 37 38 40 39 39 40 43 45 47 47 48 50 52 54 53 48 43 42 42 42 44 46 47 46 44 42 43 45 45 47 48 50 51 52 54 54 56 58 58 59 61 64 65 64 64 67 69 71 73 75 76 77 79 80 81 83 83 84 86 85 85 87 90 93 95 96 97 97 96
36 37 40 44 46 47 48 48 50 51 51 48 46 46 48 48 44 41 41 43 40 38 38 39 41 41 42 40 40 41 43 43 44 45 46 46 46 46 48 50 52 49 44 41 41 40 40 42 45 46 45 45 44 44 45 47 50 52 52 53 53 54 53 56 57 57 58 61 64 64 64 66 68 71 72 75 74 74 75 78 81 82 82 83 85 87 87 86 87 90 93 95 96 95 95 96
33 34 38 43 45 46 46 47 50 51 49 45 41 39 42 44 42 39 40 41 39 38 38 39 40 44 44 43 43 44 46 47 46 45 44 44 43 43 43 45 48 48 43 39 38 39 41 45 46 46 46 46 45 45 47 49 53 56 58 56 55 54 54 55 56 56 57 61 64 66 67 68 71 72 75 76 75 73 74 78 81 82 82 84 88 88 87 86 88 91 93 95 95 94 96 98
32 34 38 42 46 45 45 47 48 49 47 43 39 36 35 36 36 36 38 41 43 41 41 39 40 41 43 43 43 44 46 48 48 47 46 45 45 42 41 41 45 45 43 40 40 41 45 48 48 47 48 48 48 48 51 54 56 58 59 60 58 56 55 56 56 56 58 61 64 67 69 71 73 75 77 79 79 76 74 77 80 81 82 85 88 89 88 87 90 92 94 95 96 97 98 101
35 36 39 43 45 45 46 47 48 47 47 43 39 34 32 32 33 36 38 42 45 46 45 42 40 39 39 40 40 42 46 48 49 48 46 46 45 43 41 41 44 45 43 42 42 46 49 50 49 48 50 51 51 52 54 56 57 59 59 60 59 58 56 57 59 58 59 61 63 66 70 72 75 77 81 85 88 84 81 78 79 81 82 85 88 89 89 89 90 92 94 95 96 98 100 102
37 36 37 39 42 44 45 47 47 48 46 42 38 35 33 33 35 37 39 43 46 49 48 46 42 37 37 37 38 42 46 49 49 46 43 42 42 42 40 41 44 45 44 44 45 47 50 50 48 49 51 53 53 53 53 53 54 56 56 58 58 58 58 59 60 61 61 62 63 66 69 71 74 78 82 89 93 91 86 81 78 79 81 82 85 88 90 91 92 93 96 98 99 100 102 104
38 37 37 38 42 44 45 45 47 47 47 42 39 37 36 37 39 39 40 41 43 44 44 43 38 34 34 35 39 44 48 49 48 46 41 40 40 40 39 39 42 43 44 45 46 47 46 47 48 50 52 54 54 54 53 51 52 53 55 56 58 59 59 59 60 61 63 63 64 65 67 69 73 77 83 90 94 93 89 82 79 79 79 81 82 86 90 92 93 95 98 101 102 103 105 107
40 41 40 41 45 48 47 45 44 47 47 46 42 39 38 40 44 44 41 38 37 36 37 36 34 32 32 36 43 47 49 49 48 46 44 42 41 40 39 40 41 42 43 45 46 43 43 46 49 51 53 54 55 55 53 51 51 52 54 56 58 60 60 59 59 61 63 65 65 65 66 69 74 79 84 89 92 91 88 84 82 82 83 82 81 84 88 92 94 96 100 102 104 104 106 108
39 41 39 41 46 49 48 45 44 47 50 48 44 41 39 42 46 47 44 40 36 35 35 36 35 35 35 40 47 51 50 49 48 48 47 45 43 41 41 41 42 42 44 47 46 45 45 48 51 52 52 53 54 54 52 50 49 51 53 55 58 60 61 59 59 60 63 66 67 67 68 71 76 81 86 90 91 91 89 87 86 86 86 85 84 86 90 93 94 96 100 104 107 107 106 107
37 38 37 36 41 45 46 46 47 49 50 48 45 43 42 42 47 48 47 43 39 36 38 39 39 37 37 42 49 52 51 48 48 47 46 44 43 42 41 42 44 45 46 47 49 48 49 50 52 53 53 52 52 51 50 49 50 53 55 55 55 58 58 59 60 62 64 66 67 68 70 72 78 83 88 91 93 94 93 92 91 90 89 88 88 89 93 95 96 97 99 106 109 110 108 107
38 39 37 35 37 41 45 48 50 50 48 47 45 45 44 45 48 49 48 44 39 38 39 40 40 41 41 43 47 51 51 48 45 45 45 45 44 43 42 44 46 47 47 48 49 51 50 51 50 52 52 50 49 50 51 52 55 58 59 58 57 56 56 59 63 65 65 65 66 68 71 76 80 84 90 93 95 96 97 95 94 94 93 93 93 94 95 97 99 99 101 106 110 111 109 108
42 41 38 35 35 39 45 49 49 47 46 45 46 45 46 48 50 48 44 41 39 39 39 41 44 46 46 44 46 48 48 44 42 42 44 44 44 44 44 44 46 46 46 46 48 48 48 48 49 51 51 50 50 51 54 56 57 63 63 63 59 56 57 60 65 65 65 65 66 68 71 76 81 85 89 92 92 94 94 95 96 97 97 96 97 98 99 101 102 104 105 108 110 111 110 109
42 42 39 36 37 41 45 47 46 44 45 45 45 45 48 49 49 46 42 39 39 39 39 40 43 45 45 44 42 42 42 40 39 40 41 42 44 44 45 44 44 44 43 44 43 43 45 47 51 53 53 53 52 53 56 57 57 58 64 62 60 58 59 63 65 66 65 64 66 68 71 75 80 83 87 90 92 91 92 94 96 98 98 99 100 101 102 103 104 106 107 109 111 112 112 111
39 40 39 39 40 42 45 47 46 46 46 48 48 49 48 48 48 44 41 39 38 38 38 38 40 42 42 42 40 40 40 40 40 40 40 41 42 44 45 44 43 43 43 43 42 43 45 49 53 56 58 58 56 55 55 55 55 57 58 59 59 59 61 64 66 67 65 64 66 69 72 77 80 82 84 87 91 90 90 93 95 95 96 98 101 102 102 103 104 107 110 112 113 115 115 115
36 37 39 40 41 43 46 49 50 49 50 51 52 50 48 45 44 43 41 40 41 41 39 38 39 40 42 43 43 42 42 43 42 40 39 38 38 40 43 43 43 44 45 45 45 46 48 51 55 58 62 63 60 55 53 53 55 58 58 58 58 59 61 64 66 67 65 65 68 72 75 79 81 82 82 86 89 90 91 92 93 93 93 95 99 102 102 103 106 110 115 117 119 119 120 120
35 36 38 41 42 43 45 49 52 50 50 51 50 49 46 44 43 43 42 43 43 42 38 36 37 39 41 43 44 44 45 45 42 40 38 37 37 39 41 42 42 43 45 47 48 50 51 54 56 59 62 65 61 56 54 53 55 58 60 60 59 60 63 66 67 67 66 68 72 76 79 81 83 84 85 86 88 90 91 91 92 91 92 95 100 103 104 106 110 114 119 122 123 122 123 123
35 37 40 42 44 43 43 47 49 49 49 50 50 49 47 44 44 43 44 44 43 41 38 36 36 37 39 41 42 44 46 46 43 40 39 38 38 39 41 42 43 44 46 48 49 51 53 55 57 59 62 64 63 59 58 57 57 59 61 61 61 61 64 68 68 67 68 72 77 81 83 85 87 89 90 91 92 93 93 93 92 92 94 99 103 106 109 111 115 117 120 122 122 123 124 126
37 39 40 42 43 42 42 44 46 46 47 50 52 51 48 46 44 44 45 45 43 40 38 35 36 37 37 36 38 42 45 48 45 44 42 41 39 39 40 42 44 46 48 49 50 51 53 54 56 57 59 64 65 64 63 63 63 64 63 62 63 64 66 68 69 69 71 76 80 82 85 88 91 93 94 95 95 95 96 96 96 96 97 101 104 107 109 114 116 118 120 121 123 125 129 133
38 40 40 40 40 40 40 42 43 43 46 51 53 52 51 49 47 45 47 47 44 40 37 36 36 38 37 34 33 36 44 48 49 48 46 44 40 38 40 42 44 46 48 50 51 51 52 53 53 54 56 62 65 65 65 65 65 65 64 63 65 67 68 69 69 70 72 76 78 81 84 88 91 94 95 95 96 97 98 99 100 100 100 103 106 108 109 112 117 119 122 124 125 130 136 139
39 39 40 40 41 42 41 41 40 41 46 50 53 54 55 55 52 51 49 47 45 42 39 39 40 41 40 38 36 38 43 48 49 49 48 45 41 39 40 43 43 45 49 50 50 50 52 52 52 52 55 61 65 65 63 62 64 64 64 65 68 69 69 69 69 70 72 75 76 79 84 88 92 95 96 97 97 99 101 101 102 102 103 106 109 109 110 113 117 121 123 126 128 132 137 140
