data/baabda.asc
ncols        334
nrows        242
xllcorner    35.509861111140
yllcorner    33.800972222219
cellsize     0.000277777778
NODATA_value -32768
[rows 0 to 43 of 242, columns 96 to 191 of 334]
60 62 65 68 72 74 75 74 71 68 67 67 68 68 67 64 61 59 57 56 54 53 53 54 54 54 55 57 59 63 65 65 63 63 66 68 69 69 69 70 71 74 77 78 79 82 82 82 81 87 91 95 98 100 101 102 104 107 111 112 106 96 84 75 72 76 83 89 96 106 118 129 135 141 143 144 145 150 149 140 132 131 131 132 138 141 146 149 155 164 172 182 187 185 184 185
60 63 65 67 69 72 74 72 71 70 71 72 70 68 65 62 58 58 58 56 53 53 53 55 57 57 57 59 61 64 67 68 66 67 68 71 73 72 73 72 74 76 80 80 82 84 86 86 85 87 94 99 102 103 102 105 107 108 109 110 104 95 85 74 76 84 94 99 107 115 126 133 139 144 149 150 152 156 159 156 153 145 145 146 141 141 144 146 148 154 161 169 177 176 173 175
58 62 66 68 67 69 70 70 70 71 72 72 69 66 62 59 56 56 56 53 50 51 52 54 57 58 58 59 61 64 67 68 69 70 71 73 74 75 75 77 78 80 82 82 84 85 87 88 87 88 93 101 102 102 103 105 107 108 109 107 103 96 84 78 81 91 99 108 117 127 133 139 142 146 151 152 153 158 162 163 164 160 160 158 154 151 148 145 146 151 158 166 171 171 172 171
57 61 65 67 68 67 69 70 71 72 72 72 70 67 62 57 54 51 51 48 47 49 52 55 58 58 58 60 62 64 65 68 72 74 74 74 75 78 80 80 81 82 83 85 85 85 87 89 89 89 92 97 101 102 104 107 108 110 110 108 104 97 88 83 88 97 106 115 125 133 140 143 145 147 150 152 156 161 163 164 166 168 168 169 168 166 159 161 162 161 169 180 181 180 179 179
57 60 65 68 68 68 67 69 71 72 73 73 72 69 64 58 51 49 48 47 47 49 54 57 58 57 57 58 61 63 65 66 72 74 74 74 77 81 83 83 83 84 86 87 87 87 88 89 91 93 95 99 101 103 105 106 107 109 114 113 110 103 96 89 91 99 107 116 126 136 144 146 146 146 148 151 155 161 163 164 168 173 177 180 182 186 187 186 179 181 188 194 191 193 195 197
55 60 65 67 68 67 66 67 68 71 72 74 73 70 64 58 53 51 50 49 48 49 53 56 57 55 54 55 59 63 66 67 70 73 73 75 79 83 85 87 87 87 88 88 89 90 90 90 93 98 101 103 106 107 107 106 106 108 120 124 119 111 101 91 91 96 104 116 128 138 143 147 146 146 147 149 154 159 163 167 172 178 182 186 186 188 192 191 193 195 200 203 204 206 209 214
54 60 64 65 66 65 63 63 67 70 71 72 71 67 61 56 53 52 51 48 46 47 51 55 56 54 50 51 57 64 69 71 74 75 76 78 82 84 87 88 88 88 88 88 90 91 91 92 96 101 105 108 110 111 112 111 110 116 125 128 123 116 105 96 93 95 104 117 130 139 144 147 149 150 151 153 156 161 164 168 173 179 184 186 187 189 194 198 200 203 206 210 214 217 222 226
54 60 64 65 64 61 59 60 63 66 68 69 67 62 56 53 51 50 48 46 45 48 52 54 54 52 49 49 55 63 71 77 78 79 79 82 84 86 86 87 87 87 89 90 91 92 93 94 97 102 105 108 111 114 117 117 121 124 127 128 125 120 114 104 96 98 107 120 128 136 144 148 150 153 155 156 159 162 164 168 172 178 183 186 187 191 199 202 204 206 209 213 216 222 227 232
50 54 60 62 61 59 59 59 60 60 63 64 62 57 52 50 48 46 44 44 44 49 53 55 54 52 52 52 56 66 74 77 79 80 82 84 86 87 87 86 86 88 90 92 92 93 94 95 96 101 105 108 111 115 116 120 126 130 132 131 128 124 117 105 94 98 109 119 124 131 139 145 148 152 155 156 159 161 163 167 171 178 185 189 189 193 199 205 207 208 211 215 218 224 229 232
43 46 49 53 55 57 58 57 55 53 55 57 57 52 49 48 45 42 43 45 47 49 55 57 55 55 57 60 65 70 74 75 77 81 84 87 89 89 89 89 89 90 92 94 93 93 94 96 97 99 105 110 113 114 117 121 128 135 138 138 131 125 115 102 95 98 109 117 122 127 135 140 144 148 152 157 158 161 165 170 174 180 187 190 191 193 200 205 208 211 214 217 222 227 231 231
38 39 40 42 48 51 52 50 48 47 47 48 49 47 44 43 41 41 44 48 50 51 55 57 56 57 60 64 70 71 72 76 80 82 86 88 90 90 90 92 93 93 94 95 95 96 97 99 99 101 107 115 117 118 120 125 132 136 139 139 134 124 114 107 99 106 115 117 123 129 135 140 143 148 155 160 162 164 170 175 179 183 187 190 192 195 200 205 208 213 217 220 223 226 230 231
32 32 33 34 38 47 48 46 44 42 41 41 40 39 37 37 39 40 45 50 51 51 56 58 58 58 60 64 69 72 74 78 83 85 86 86 88 88 91 94 96 95 95 96 97 99 100 101 103 106 112 117 121 123 126 129 133 133 134 135 132 127 119 112 110 111 118 122 126 133 139 144 148 151 158 165 167 168 172 178 182 184 187 189 191 195 201 206 209 212 217 220 220 223 227 230
25 27 29 31 34 40 43 44 43 40 38 37 35 32 32 34 37 40 45 49 49 51 58 64 64 62 63 66 69 74 76 81 85 87 87 88 88 89 92 96 98 98 99 99 100 100 101 104 107 109 113 118 123 127 129 130 129 130 131 131 130 126 121 116 113 112 115 120 123 134 141 146 149 155 162 169 172 173 175 180 184 187 188 190 191 196 201 207 210 213 216 217 218 220 222 224
21 24 27 30 31 34 37 38 37 36 34 32 28 28 31 33 36 39 43 45 47 50 60 66 67 66 65 66 70 75 78 82 85 87 89 90 90 91 94 97 99 102 103 104 104 103 106 109 112 113 115 120 125 127 129 129 130 131 133 133 131 126 121 117 113 113 114 117 124 134 142 148 154 158 165 170 174 176 178 181 186 189 190 191 193 196 201 207 211 213 214 215 216 216 217 217
22 24 25 26 26 26 28 31 32 32 31 30 28 30 31 33 36 38 39 42 44 50 59 64 66 64 65 65 69 75 79 81 83 84 87 91 92 93 95 96 99 102 106 107 108 109 111 114 117 119 118 121 124 126 129 131 132 134 134 136 133 129 123 117 114 112 116 122 131 138 144 151 156 160 166 170 173 176 179 181 184 188 189 191 193 194 199 203 208 207 208 209 210 210 210 208
24 23 24 24 22 22 23 28 30 32 33 31 31 32 33 35 36 36 36 37 41 46 54 59 61 61 63 65 67 73 76 78 79 81 85 90 93 94 95 95 97 101 105 108 109 112 114 116 118 118 117 119 122 125 129 132 134 134 134 134 133 130 123 118 116 117 122 132 137 143 146 152 158 163 167 170 172 175 177 179 182 186 189 190 189 190 194 199 200 200 201 203 203 203 201 198
23 23 24 24 23 22 24 27 31 33 34 34 33 35 35 36 36 36 35 36 39 44 46 52 57 58 60 62 63 67 71 74 77 77 81 87 91 94 96 96 97 101 105 108 110 113 115 117 119 118 116 118 121 125 128 131 133 134 133 134 132 128 123 121 121 125 128 134 142 148 151 154 161 165 169 172 174 176 178 178 180 183 186 183 181 181 187 192 192 192 193 193 194 191 188 185
20 23 24 24 24 24 25 29 31 33 33 34 36 36 37 36 35 34 34 36 38 40 42 47 53 54 55 57 60 62 66 70 72 74 78 85 90 95 98 99 101 103 107 110 112 116 118 121 124 127 131 133 130 130 131 133 133 135 136 134 129 125 121 119 121 124 126 135 145 151 154 158 163 166 170 172 175 177 179 177 176 178 176 173 169 172 176 179 183 181 178 179 179 177 173 171
20 24 25 25 25 27 28 29 30 30 31 33 35 38 39 38 36 34 34 34 36 37 39 42 49 53 52 54 57 59 62 66 70 73 78 85 89 94 98 100 102 106 108 111 115 119 123 126 129 137 144 149 147 144 139 137 137 138 137 133 129 125 120 116 116 120 126 134 141 146 151 155 160 165 169 171 173 176 176 173 170 167 163 160 160 162 165 165 163 160 161 163 161 157 153 151
22 24 25 25 25 27 29 29 28 28 30 31 34 36 39 38 37 35 34 34 34 34 35 37 43 49 50 49 50 55 60 67 71 74 79 83 87 91 94 98 102 106 108 110 115 122 126 126 129 137 147 153 156 150 144 141 139 139 138 135 135 132 126 119 113 117 125 131 134 140 144 151 156 161 165 167 169 169 166 162 157 152 148 147 148 150 150 149 146 144 145 145 144 141 139 139
22 24 23 23 24 26 27 27 27 28 29 30 30 32 35 37 38 36 34 33 32 31 30 32 38 43 42 40 40 46 55 66 72 78 78 79 82 86 91 96 100 104 107 110 116 122 126 128 131 137 142 150 150 146 144 140 139 140 139 140 140 139 135 124 114 113 117 125 130 134 139 146 151 156 159 161 162 159 153 147 142 137 135 137 137 136 136 136 136 137 137 136 135 136 136 137
20 21 21 21 22 23 25 25 26 28 27 27 29 30 32 35 36 34 30 29 29 28 29 29 33 36 35 33 34 38 47 54 65 72 75 75 77 81 86 92 95 100 104 107 113 119 125 130 135 139 141 142 141 143 142 142 142 143 145 145 145 142 139 133 121 113 114 119 124 129 134 138 143 147 150 151 151 146 141 138 134 129 131 134 133 130 130 133 136 137 138 139 139 141 142 144
18 20 21 21 21 24 24 24 25 26 26 27 29 29 28 30 32 27 26 25 26 29 29 29 29 33 34 33 34 36 38 41 47 56 63 64 68 69 75 78 85 89 95 96 100 107 119 127 133 138 140 139 141 143 144 145 147 148 149 148 146 145 143 139 130 120 116 116 119 123 128 131 133 136 138 139 140 137 135 134 133 132 133 136 134 130 131 136 141 145 148 150 152 154 158 158
17 19 21 20 22 25 25 24 24 26 27 28 28 26 27 28 27 25 24 23 24 28 30 30 30 32 33 33 34 35 34 33 35 43 52 53 53 51 51 57 62 69 74 79 84 94 109 119 126 131 136 136 140 144 146 146 148 150 150 149 149 147 145 142 137 132 125 120 117 118 121 124 125 128 129 135 138 139 137 138 139 140 143 142 138 137 138 145 149 153 157 160 163 166 168 169
21 20 20 22 24 26 26 25 26 28 30 31 29 28 26 27 27 27 26 25 25 27 30 32 33 33 32 32 33 33 32 29 30 33 39 40 39 35 36 38 45 53 60 64 69 80 96 106 114 118 127 131 137 144 146 147 148 150 151 152 152 151 150 148 146 142 137 130 123 121 123 124 126 127 130 137 144 145 144 146 148 152 152 150 148 145 149 153 157 158 159 163 168 170 171 172
26 25 25 27 28 27 26 26 28 30 31 32 31 31 30 30 32 33 33 32 31 31 32 35 36 36 37 38 38 37 33 30 29 31 33 33 31 29 31 33 37 43 49 50 56 66 83 93 101 107 115 123 132 141 144 145 148 151 152 153 154 155 155 153 151 151 149 142 133 131 130 131 131 131 134 141 147 148 148 150 153 157 159 160 160 157 156 157 161 161 164 168 171 172 172 175
32 31 36 38 36 32 27 27 28 30 30 30 31 35 37 41 45 46 45 43 42 41 40 41 43 46 48 52 54 51 45 44 46 46 39 36 37 42 42 41 41 43 44 45 46 57 65 78 88 92 101 112 121 130 139 145 149 151 152 153 155 156 157 156 156 157 156 153 151 147 142 138 137 137 140 146 149 148 148 150 154 162 168 171 172 169 164 165 167 169 171 173 176 174 177 182
39 41 46 47 45 37 33 29 30 31 31 30 33 39 47 52 55 56 54 53 55 54 52 50 53 56 60 65 69 73 67 63 67 72 69 58 59 60 61 60 55 52 48 45 40 45 47 59 69 78 86 99 110 118 133 142 147 149 150 152 153 155 156 159 160 161 162 162 162 160 155 151 148 147 148 150 150 151 151 153 158 168 177 181 181 179 177 177 180 184 185 185 185 187 190 194
51 52 53 52 48 44 39 35 34 34 35 38 41 48 54 58 59 61 61 64 66 68 65 63 64 66 72 81 89 86 78 79 81 84 85 84 77 71 71 72 68 59 55 44 40 38 36 37 53 62 73 83 98 108 122 133 139 144 148 150 152 154 158 160 161 163 163 164 165 164 163 164 161 159 158 155 156 158 161 164 167 172 182 189 189 190 191 192 195 198 199 202 204 206 209 209
60 61 59 56 51 48 44 42 40 39 41 47 52 55 59 61 63 64 67 70 74 75 74 75 77 77 81 91 94 93 85 86 89 92 94 92 87 83 83 79 73 70 63 49 40 33 30 29 39 49 58 66 79 90 102 118 130 135 141 147 151 154 156 159 160 160 162 162 161 160 163 164 164 162 161 160 162 165 170 174 176 178 187 197 197 197 201 205 214 218 222 225 226 227 228 226
63 64 65 60 54 50 48 49 48 45 46 53 59 60 63 64 65 67 70 75 79 80 80 82 84 83 87 91 97 101 99 99 100 100 102 101 99 99 98 92 86 82 77 61 45 38 29 29 34 39 45 48 59 76 90 108 122 131 138 144 147 147 149 154 154 153 153 152 148 149 150 154 156 158 158 159 163 169 173 177 184 187 196 205 208 208 211 220 228 231 232 237 238 241 246 245
66 65 65 62 57 54 53 54 53 52 53 57 60 61 62 65 68 70 75 81 84 84 83 86 89 90 91 95 101 108 109 109 108 109 111 110 109 109 111 107 101 98 92 81 66 58 40 35 29 29 34 37 45 63 80 99 115 125 135 139 139 135 135 140 142 139 137 133 131 133 139 137 139 142 147 154 165 173 175 177 183 194 202 212 217 219 220 224 229 235 238 239 242 247 250 252
68 68 66 64 62 61 59 56 54 54 57 57 58 59 61 65 70 75 80 84 88 87 88 92 95 96 96 99 106 113 115 116 120 126 127 123 121 124 122 116 111 107 103 94 87 71 48 38 31 26 29 32 38 46 62 78 96 111 124 132 131 124 117 121 127 123 118 114 112 120 129 133 132 133 138 147 166 174 176 176 181 191 203 213 220 223 224 224 227 233 239 241 242 243 248 251
69 69 68 67 67 67 64 59 56 56 57 57 57 58 61 66 74 79 83 86 91 92 95 98 99 99 99 102 110 116 121 125 133 137 138 134 134 133 129 128 125 117 106 99 93 83 61 42 34 29 29 31 34 38 47 59 72 89 99 105 109 109 104 102 107 106 101 97 100 106 117 128 128 129 130 137 153 173 174 177 181 190 202 210 217 221 223 222 224 230 240 242 244 246 245 248
70 70 69 69 68 70 70 68 64 64 62 62 61 61 63 68 76 82 87 91 98 102 106 107 106 104 105 108 114 121 126 132 138 142 140 138 138 138 137 135 132 127 118 107 97 82 60 46 37 32 30 31 34 38 48 57 67 76 79 79 85 85 85 88 90 87 83 83 87 90 104 114 120 123 126 127 135 149 165 172 181 189 198 203 209 213 215 218 223 231 238 243 248 250 251 253
71 72 71 71 70 72 76 76 75 72 70 70 69 66 66 68 75 83 89 95 104 111 113 115 114 111 112 114 118 124 129 134 140 142 143 142 144 143 141 140 136 130 122 114 103 93 75 56 46 38 33 33 38 42 50 59 66 70 71 74 74 75 77 78 77 73 67 68 73 78 83 94 99 105 112 119 123 130 146 161 176 189 194 196 196 197 201 210 223 232 237 244 250 253 257 261
74 75 74 73 73 77 83 84 82 79 77 78 77 74 72 70 74 82 90 97 105 111 115 115 115 114 116 117 119 123 128 134 140 142 144 146 147 147 146 147 143 135 127 119 110 95 81 68 54 43 34 34 38 43 50 59 65 66 67 70 70 70 69 67 67 62 56 58 62 66 71 76 80 86 91 101 111 122 136 150 166 179 190 189 186 184 188 203 219 230 234 239 243 249 259 263
76 77 75 74 77 83 89 91 88 86 85 86 85 83 75 73 75 82 88 94 100 106 110 112 114 115 115 118 119 122 127 133 138 141 143 145 148 152 155 156 154 148 140 130 116 101 90 78 57 43 35 34 34 39 45 54 61 63 63 63 62 60 56 53 51 48 47 47 49 52 58 63 68 72 78 88 100 110 122 135 144 161 172 179 177 171 178 195 214 224 230 235 236 242 254 261
75 76 78 79 82 88 93 94 94 93 93 93 91 87 80 75 75 79 83 86 91 98 107 110 112 113 114 116 119 125 130 132 135 138 139 141 146 151 158 160 159 157 150 138 125 113 102 84 61 44 36 36 40 41 44 49 53 57 56 55 53 52 50 46 42 39 37 38 40 42 46 52 57 64 73 83 94 101 108 117 126 137 147 150 150 152 161 177 196 214 224 229 231 239 252 259
75 78 82 85 88 94 98 98 97 99 100 98 96 92 84 79 79 81 85 85 90 98 104 107 109 110 113 115 118 123 130 132 133 135 136 138 143 149 154 158 160 159 153 143 130 119 110 94 73 47 37 41 46 49 46 45 46 49 50 49 48 46 45 43 39 36 35 36 37 38 41 43 46 50 60 71 82 89 95 101 112 123 125 129 133 138 147 161 182 199 209 219 227 236 245 255
75 79 84 87 92 97 100 100 99 101 103 104 102 100 93 88 90 92 94 95 96 100 104 106 107 109 112 114 116 119 124 129 131 133 134 138 143 148 152 155 157 156 152 144 132 124 115 97 78 53 43 40 47 46 42 39 39 41 43 45 43 39 38 37 35 34 34 35 35 36 38 39 41 43 48 59 69 78 84 89 96 105 113 122 126 133 140 150 164 178 191 206 219 229 238 245
76 80 85 89 92 97 101 102 102 102 104 105 105 107 105 104 108 108 108 106 107 107 107 107 108 109 110 111 113 115 119 126 130 133 136 141 145 149 151 153 153 153 150 144 136 130 117 98 79 60 49 45 44 37 33 32 31 31 34 37 36 34 33 32 33 33 33 32 33 35 36 37 38 41 47 55 63 71 74 78 83 94 108 116 124 130 136 142 149 161 178 193 205 221 231 236
77 80 86 91 93 96 100 103 104 105 105 106 107 109 112 116 119 119 117 119 119 118 116 112 110 109 109 111 112 114 117 125 130 134 137 141 146 149 150 151 152 152 151 147 143 135 120 102 83 65 56 51 46 39 33 31 29 29 30 31 31 29 29 31 33 34 35 34 34 35 35 36 38 42 47 55 64 72 80 80 82 92 104 113 120 127 132 137 144 154 167 182 192 210 222 226
81 84 89 94 95 97 100 104 107 108 108 109 112 114 117 121 123 123 126 128 128 127 124 120 115 111 111 111 112 114 117 121 130 134 137 142 145 148 149 151 152 151 151 149 148 141 128 111 88 67 57 54 55 46 37 33 31 31 31 30 28 28 29 30 31 35 40 40 38 37 37 37 39 43 50 58 67 79 88 90 92 98 106 114 121 125 129 133 138 146 159 170 183 196 208 217
