data/baabda.asc
ncols        334
nrows        242
xllcorner    35.509861111140
yllcorner    33.800972222219
cellsize     0.000277777778
NODATA_value -32768
[rows 88 to 131 of 242, columns 0 to 95 of 334]
37 38 38 41 43 44 42 41 40 42 45 49 52 55 58 58 59 56 52 49 46 44 42 43 43 42 43 41 40 41 44 48 48 48 46 43 41 40 41 43 44 47 49 51 51 52 53 55 55 53 55 60 64 64 62 62 64 65 66 67 69 69 70 70 70 70 72 73 75 78 84 89 95 98 99 100 101 102 102 102 102 102 104 108 111 112 112 114 117 120 124 126 128 132 136 138
37 37 37 40 44 44 44 43 43 43 45 48 51 55 56 58 59 59 54 48 47 46 44 43 44 43 43 43 42 43 46 49 49 47 44 44 44 42 42 43 45 47 49 51 53 55 56 58 57 55 55 59 63 63 61 61 64 65 65 66 67 68 69 70 70 71 72 72 74 78 84 90 97 100 101 101 102 103 103 102 101 101 105 109 112 113 113 115 117 122 125 127 130 133 136 138
39 39 38 40 43 45 45 44 42 43 45 47 51 53 55 56 57 56 51 47 47 46 44 43 43 44 43 43 44 46 49 50 50 47 45 44 45 44 43 43 44 46 48 51 53 56 57 58 55 53 54 59 61 60 59 60 62 63 64 65 66 66 67 69 70 72 72 72 75 79 85 91 96 99 99 99 101 103 103 101 100 102 104 108 110 112 113 116 120 125 129 128 130 133 137 140
42 40 41 41 43 43 43 43 44 44 45 46 49 53 56 55 54 52 47 47 48 46 45 42 42 42 44 44 46 48 50 50 50 49 46 45 45 45 43 43 44 48 51 52 53 55 57 56 52 50 53 57 59 59 60 62 63 64 65 66 67 66 66 68 70 72 73 74 76 80 86 91 95 96 96 96 98 100 100 100 101 103 105 107 109 111 113 117 121 127 130 131 132 134 138 143
42 42 43 43 42 41 42 45 47 48 47 46 48 54 55 54 50 48 46 46 48 50 47 44 42 43 45 46 47 48 49 50 51 51 51 49 48 46 45 46 48 50 52 53 54 55 56 55 51 50 52 55 58 60 61 62 64 64 66 69 69 69 68 69 70 72 74 75 78 81 86 90 93 94 94 94 95 95 96 97 100 102 104 107 110 111 113 117 122 127 130 133 134 136 140 146
42 42 44 43 42 42 45 48 51 52 50 46 47 50 51 49 48 46 45 45 48 51 50 46 43 44 46 45 45 45 47 48 51 53 53 53 49 48 48 49 50 49 50 51 53 54 55 54 53 52 51 53 55 57 59 61 63 65 68 71 72 73 72 70 70 72 74 77 78 80 83 88 91 92 94 94 94 94 92 94 97 101 103 107 110 112 114 118 123 127 130 133 136 137 139 144
40 41 42 43 44 46 49 51 52 51 49 46 44 46 45 44 44 45 44 45 48 50 50 48 45 44 42 42 43 44 45 48 52 53 53 51 50 49 48 49 49 48 49 50 52 53 53 54 54 54 52 52 52 56 58 60 63 67 70 72 73 72 72 71 71 72 74 76 78 80 83 86 88 90 93 94 93 92 90 91 94 98 103 106 109 111 116 120 124 126 129 131 132 134 137 143
39 39 40 43 46 49 50 50 48 46 44 43 43 45 43 43 43 45 47 49 51 53 53 50 46 43 42 42 42 43 45 48 50 51 50 50 51 50 49 49 49 49 49 50 51 52 53 53 54 55 54 53 54 56 59 61 64 68 71 72 71 70 72 74 75 75 76 77 79 82 85 86 87 89 92 92 90 89 90 91 94 97 101 104 106 111 118 123 123 124 126 127 129 131 133 139
37 37 39 43 46 49 51 49 45 43 42 43 44 44 43 44 45 47 49 52 54 56 55 52 47 44 44 44 44 44 47 48 49 49 49 50 51 51 49 48 48 48 48 48 50 52 53 53 54 55 56 57 57 58 59 61 63 66 70 71 70 70 71 75 77 77 76 78 78 82 84 85 85 88 90 90 88 89 90 92 93 96 100 102 106 111 118 122 122 121 122 125 129 130 132 136
36 37 38 41 45 49 51 50 47 44 45 44 44 44 45 46 49 49 50 51 52 52 51 49 47 45 46 47 47 46 46 47 48 49 49 49 51 50 49 48 47 46 47 48 49 51 52 53 54 55 57 58 59 60 60 61 62 67 70 72 71 70 70 72 74 75 77 77 78 80 82 83 85 87 89 88 88 89 90 91 92 94 99 103 107 110 114 118 119 119 120 123 127 128 130 135
38 38 39 40 44 48 50 51 49 48 48 46 44 44 45 48 51 52 50 47 46 44 45 45 46 48 48 49 48 46 44 45 47 49 50 51 52 51 50 48 46 46 47 50 52 53 54 55 55 55 56 58 60 61 61 62 64 67 70 72 72 68 68 70 73 76 77 79 80 82 83 84 85 86 87 87 89 91 91 91 91 93 98 104 107 108 111 114 117 118 118 120 122 124 128 131
39 40 40 40 42 47 51 52 51 52 51 48 46 46 46 49 51 50 48 45 43 42 42 43 45 46 47 47 46 44 42 44 46 49 52 54 56 55 51 49 48 47 49 53 55 57 58 57 56 55 56 58 60 61 61 62 65 68 70 71 70 68 68 70 74 78 80 80 83 85 88 88 87 87 88 88 91 95 96 95 93 95 99 105 108 109 109 112 115 117 117 117 118 120 124 130
39 39 39 38 40 45 49 51 54 55 54 52 51 50 51 52 51 52 48 47 44 43 42 43 44 45 45 44 44 44 43 43 46 50 53 57 57 54 50 47 47 47 49 52 55 58 58 58 57 58 58 58 58 59 59 63 67 70 70 71 70 70 71 73 77 80 81 80 83 87 90 91 89 89 90 94 99 103 104 100 99 99 103 107 109 107 107 110 113 115 115 116 118 119 121 125
39 38 39 39 40 42 44 48 51 53 54 53 52 53 53 57 58 54 53 49 46 45 45 45 45 45 44 44 44 45 45 45 47 51 53 54 54 50 47 46 46 46 48 52 55 57 57 57 61 62 62 60 59 58 60 63 68 70 71 70 70 70 72 75 77 78 78 78 81 87 91 93 91 92 96 101 105 108 107 107 105 104 106 108 107 106 107 110 111 112 113 114 117 118 119 122
42 41 42 42 42 42 43 45 46 49 51 51 52 52 55 58 58 56 54 51 48 48 47 47 47 46 45 44 46 47 47 48 50 53 53 52 49 47 46 47 47 47 49 52 54 55 55 57 61 64 63 61 59 59 60 63 68 70 70 69 69 70 72 74 76 76 75 76 81 87 92 94 94 97 101 104 107 110 113 115 115 112 112 111 109 108 110 111 111 111 111 113 115 119 120 121
46 45 45 43 43 43 45 46 47 47 47 47 49 53 55 58 58 58 56 53 49 48 49 49 49 48 46 45 47 49 50 50 52 55 56 52 49 46 46 48 49 50 51 53 54 54 55 57 61 62 62 60 58 58 60 63 66 67 68 68 68 70 72 74 75 76 77 78 82 87 93 95 96 99 104 107 113 118 121 122 121 120 119 120 117 115 116 116 114 113 114 115 119 123 124 122
48 48 45 45 45 47 49 51 50 49 47 45 48 53 57 59 59 57 56 54 50 49 51 51 52 50 48 47 48 50 50 51 52 55 55 53 51 48 48 49 52 54 54 54 54 55 56 58 60 60 60 58 57 58 59 62 64 64 65 66 68 70 71 73 75 77 79 81 83 88 94 95 97 101 106 113 120 124 127 127 126 126 127 129 127 126 125 124 121 121 120 122 125 129 130 127
46 45 46 46 47 47 49 50 50 50 48 48 49 54 58 60 59 58 57 56 54 54 52 53 53 53 50 49 48 49 50 49 46 48 51 52 52 52 51 52 54 56 56 54 54 55 57 58 59 59 58 56 56 57 59 61 63 64 64 66 67 68 71 73 76 77 79 82 85 88 92 97 99 103 107 115 122 127 128 130 130 131 133 135 138 136 132 128 127 127 126 126 130 134 137 141
40 43 45 46 44 45 47 48 49 49 49 49 50 52 56 57 60 58 58 57 56 54 54 53 53 52 51 49 49 49 49 49 45 45 49 51 53 53 53 53 53 55 55 54 55 57 58 59 60 60 58 56 55 57 59 61 63 64 65 66 66 67 69 74 77 78 79 81 84 88 92 97 102 103 106 112 121 126 128 131 133 134 136 140 141 139 136 132 132 132 131 133 135 142 146 151
39 41 45 45 44 44 48 49 50 50 50 49 48 48 49 53 55 55 54 54 53 52 53 52 49 49 48 47 48 51 53 52 50 48 50 51 51 52 52 52 51 53 54 55 57 57 57 58 59 60 58 57 56 58 61 62 63 65 65 66 67 67 69 74 78 79 80 82 86 93 97 101 105 106 107 111 117 123 128 133 136 137 140 143 146 144 139 136 136 135 138 142 148 152 154 157
38 41 43 44 44 46 46 47 48 50 49 49 48 45 47 49 50 50 51 53 53 52 52 49 47 46 47 46 48 52 55 59 55 51 50 51 51 51 51 51 50 51 55 57 57 57 56 56 58 59 59 58 58 59 61 63 64 64 65 66 67 69 71 74 79 80 80 82 90 98 104 105 106 107 108 113 119 125 130 134 138 140 143 147 150 149 144 141 138 139 144 152 155 157 159 161
39 42 41 42 43 44 44 43 45 46 46 46 46 46 46 47 48 49 53 57 59 58 55 52 47 47 49 49 50 53 57 59 57 54 51 51 51 51 51 51 49 50 55 57 56 56 56 56 58 59 59 60 59 60 61 63 65 66 67 67 69 70 72 75 77 79 80 85 94 104 108 108 107 108 111 117 125 129 131 133 137 141 146 151 154 153 150 148 147 147 152 158 161 161 164 167
41 41 41 41 44 45 44 42 41 43 44 45 46 47 48 48 49 53 59 64 64 64 60 54 50 48 50 51 52 53 55 55 57 55 53 52 51 51 53 53 51 51 55 54 54 55 57 57 58 59 61 61 62 61 61 62 65 67 68 68 69 71 73 74 75 78 81 87 97 102 106 107 107 109 112 117 123 129 131 134 137 143 149 155 158 157 154 152 155 157 160 165 167 168 170 172
42 43 42 42 45 48 48 44 43 44 46 47 47 48 50 52 55 60 64 65 64 62 62 55 51 50 50 51 51 52 52 54 57 56 54 51 51 52 54 55 57 58 56 54 52 54 56 57 58 60 61 63 62 62 61 62 65 67 67 67 69 72 73 75 77 80 84 88 94 98 102 104 106 109 112 115 119 125 130 135 140 146 152 158 161 161 158 156 157 159 162 169 173 175 177 177
43 45 45 43 44 48 49 47 46 45 48 50 51 51 53 56 61 63 63 63 62 61 60 56 52 50 50 50 50 51 52 54 55 54 51 50 51 52 54 56 60 61 59 55 54 56 58 60 60 60 60 60 62 61 62 64 66 67 66 67 70 73 74 77 80 84 85 89 92 96 98 101 104 107 111 115 118 122 130 139 144 147 152 158 163 165 165 162 161 162 165 173 178 181 184 188
41 42 43 42 44 46 49 48 46 44 47 51 54 54 54 58 62 63 61 60 59 58 56 54 50 50 50 51 51 52 52 53 52 51 50 51 52 53 53 54 57 59 57 55 55 58 60 62 62 59 58 59 60 62 64 65 66 67 66 67 71 74 75 78 81 83 85 87 91 94 97 100 102 106 110 114 118 122 132 140 144 146 148 153 159 167 169 170 170 171 172 177 181 184 188 195
37 39 40 41 42 45 47 47 45 45 47 52 54 54 54 57 59 59 58 57 57 56 56 54 52 51 52 53 55 55 53 52 52 51 52 52 53 52 52 53 54 56 56 55 56 57 60 61 61 59 57 59 61 64 66 66 66 66 67 70 72 74 75 77 80 82 84 86 88 91 95 99 103 105 109 114 118 123 129 136 140 144 148 152 155 162 171 174 175 178 179 182 184 188 193 197
40 40 40 40 41 43 46 47 46 46 49 52 53 52 53 54 55 54 54 55 56 57 58 59 58 57 58 59 59 59 55 53 52 53 52 52 52 52 52 53 54 54 55 56 57 58 57 59 60 58 58 58 62 65 68 68 67 68 70 72 72 72 73 76 78 80 82 84 86 88 92 99 103 107 110 114 118 123 127 132 138 143 149 150 150 159 169 175 177 180 183 186 188 192 197 199
44 42 40 40 40 40 43 43 42 44 47 50 51 51 51 51 50 50 51 54 56 58 60 61 62 63 64 64 62 59 55 52 52 53 53 52 51 51 53 54 54 54 56 58 60 60 59 58 58 57 56 57 61 65 67 67 67 69 71 73 72 71 74 77 78 79 82 85 87 90 94 100 104 107 111 115 120 124 128 132 136 142 146 148 149 156 166 173 178 181 184 189 192 195 197 200
44 41 39 39 40 39 39 39 38 40 43 45 48 49 49 49 49 48 50 53 57 58 59 60 63 64 65 63 61 57 53 52 52 54 53 52 51 51 53 54 54 55 57 61 63 62 59 57 56 55 55 58 61 63 64 64 65 67 70 71 70 71 74 78 80 82 85 87 89 93 97 100 103 106 111 116 122 126 130 133 140 143 147 149 153 159 162 168 173 178 184 188 192 194 194 198
44 42 40 40 40 39 37 37 38 38 40 42 45 47 48 49 49 48 48 51 56 58 57 57 59 61 62 61 59 57 54 52 52 52 52 52 52 53 55 57 56 56 57 59 60 59 58 55 55 55 57 59 62 62 61 62 63 66 68 70 71 72 75 78 82 84 86 88 90 93 96 98 102 106 110 115 121 126 131 136 142 146 149 152 156 158 160 163 166 173 178 182 184 185 187 190
43 43 40 37 38 38 37 39 39 40 40 41 43 44 46 47 48 48 47 50 54 57 55 53 53 55 57 59 59 58 57 54 52 52 53 53 54 55 58 60 59 56 55 55 55 55 55 55 55 56 58 60 61 60 60 62 63 65 68 70 70 71 73 77 81 84 86 89 92 94 94 97 101 106 110 114 116 123 131 139 146 150 151 151 154 156 158 159 163 166 170 171 172 175 178 182
40 40 38 36 34 35 35 37 39 40 40 40 40 42 45 46 47 49 50 53 56 58 56 53 50 49 52 55 57 59 57 55 53 53 53 53 53 54 57 60 58 55 52 52 53 53 54 55 56 57 59 61 61 60 61 63 64 65 67 67 68 70 72 76 80 83 85 88 90 92 94 95 99 104 110 113 115 121 130 138 145 149 148 147 149 152 154 154 157 160 162 162 164 167 172 176
38 40 39 35 34 34 34 36 39 40 40 40 40 41 43 44 46 48 51 55 56 58 56 52 48 47 49 51 52 53 54 54 54 54 52 51 50 50 53 56 55 54 53 53 54 55 55 55 56 56 57 59 60 61 63 65 66 67 66 66 67 68 71 77 81 84 84 85 87 90 93 95 98 103 109 113 116 120 126 132 138 142 143 142 143 147 148 147 148 152 155 158 159 162 165 170
39 41 39 38 37 36 36 38 42 43 42 42 41 41 42 42 42 44 47 52 55 54 52 49 46 45 47 48 48 49 50 51 53 52 52 50 48 47 49 50 52 53 55 55 55 56 56 56 56 56 56 56 58 60 64 66 66 66 66 65 65 68 73 79 84 86 85 84 86 91 94 97 99 103 107 110 114 119 126 128 130 136 137 138 137 140 140 138 138 141 146 150 154 156 158 161
40 40 40 39 39 38 39 44 47 45 42 42 42 41 40 41 38 38 41 47 48 48 47 46 44 42 44 45 46 44 46 48 49 49 49 49 47 47 47 49 51 54 56 56 55 56 56 56 57 57 56 56 57 61 64 66 66 66 67 66 67 71 76 81 84 85 85 86 91 94 99 101 100 100 101 105 111 117 122 125 126 127 131 132 131 133 135 133 132 134 138 142 146 149 152 155
39 37 37 39 39 41 45 48 47 43 39 39 40 39 40 40 37 35 36 39 39 41 42 42 41 40 40 41 40 40 41 44 46 47 46 48 47 47 48 48 51 56 58 58 56 56 57 58 58 58 58 58 59 63 64 65 66 69 69 70 70 73 77 81 84 86 86 89 93 99 101 102 100 96 97 100 105 111 115 119 122 122 123 126 127 127 129 129 129 130 133 138 140 145 149 154
38 36 36 38 40 43 46 47 43 39 35 35 36 36 38 39 37 35 35 36 36 37 38 39 39 39 38 37 35 36 38 41 44 45 45 45 46 48 49 50 54 58 61 60 58 57 57 58 59 61 62 64 65 65 64 63 66 69 70 71 72 73 77 82 86 88 89 92 96 100 102 103 101 100 100 101 105 107 108 111 115 117 117 119 121 121 122 124 125 126 128 134 139 142 149 155
39 38 37 37 40 43 45 44 42 37 33 32 34 35 36 38 38 36 37 38 38 37 36 37 38 39 38 34 33 34 37 40 42 43 44 45 46 48 50 53 56 59 60 60 58 58 57 57 59 59 61 64 65 66 64 64 65 67 69 71 72 75 79 83 86 88 90 94 98 101 104 105 105 104 105 106 106 107 108 109 112 113 114 115 115 116 117 121 124 125 131 139 144 150 159 165
39 37 37 37 39 41 43 43 42 39 36 34 34 34 35 37 38 38 38 38 38 37 35 37 39 39 38 36 35 35 37 39 40 41 42 45 46 48 50 53 55 57 57 56 56 57 56 56 55 55 56 59 62 63 63 64 64 66 68 71 76 78 81 84 86 89 92 96 100 102 103 105 105 107 110 111 110 111 111 112 114 115 113 112 113 114 120 127 132 136 140 149 158 166 173 178
37 36 36 36 37 38 39 41 43 44 42 40 39 38 38 38 38 38 38 39 37 37 38 39 39 37 36 37 37 36 38 39 40 40 40 42 46 47 48 49 51 53 54 52 52 53 54 52 51 52 54 56 58 60 63 64 66 67 69 71 75 77 81 85 88 89 92 98 101 100 100 102 105 109 115 116 117 117 117 117 120 120 117 116 115 118 125 132 139 143 148 156 166 173 179 187
38 37 38 38 36 36 37 40 43 45 44 44 43 41 39 38 37 37 38 39 39 39 41 39 36 32 30 32 36 36 38 39 40 40 39 41 43 44 45 46 46 48 49 48 46 48 49 48 48 50 53 55 57 58 61 64 66 68 70 72 72 75 79 84 86 87 90 96 99 99 99 101 104 110 116 121 122 124 124 127 130 131 127 125 124 126 130 134 140 149 155 162 169 175 182 191
40 41 42 40 36 35 37 41 42 41 41 43 43 40 37 35 36 36 36 38 38 38 38 35 31 29 28 29 34 36 38 39 40 39 39 40 42 43 43 43 43 44 44 43 43 44 47 47 48 51 54 55 56 57 59 62 65 67 70 71 72 74 78 81 83 83 86 91 96 97 99 101 105 109 116 121 124 127 132 140 144 145 140 135 132 131 133 135 142 151 159 164 170 175 182 190
42 42 43 40 37 36 40 42 41 39 39 40 40 37 34 33 34 33 34 36 35 35 35 32 31 30 31 32 33 36 38 39 38 37 38 39 41 43 44 43 41 42 42 42 42 45 47 49 50 53 54 55 55 56 57 59 63 65 67 69 70 73 76 78 80 82 84 87 90 95 100 104 106 109 114 119 124 129 136 142 147 148 146 143 137 136 137 138 141 148 156 163 167 173 178 183
