data/baabda.asc
ncols        334
nrows        242
xllcorner    35.509861111140
yllcorner    33.800972222219
cellsize     0.000277777778
NODATA_value -32768
[rows 0 to 43 of 242, columns 192 to 287 of 334]
185 188 190 192 192 194 199 202 206 210 215 220 222 224 227 233 240 243 249 253 257 260 265 269 270 271 274 275 277 278 280 283 288 291 295 300 305 307 307 305 305 302 292 281 281 284 284 281 278 277 279 282 284 290 296 303 310 319 327 333 340 344 348 353 355 354 352 352 353 351 346 336 328 323 317 316 316 317 315 313 312 315 318 318 320 325 330 330 328 329 328 325 326 331 338 345
176 177 180 180 181 182 186 194 196 201 206 213 216 219 224 230 234 239 246 252 257 259 264 268 272 275 277 278 280 283 287 289 290 290 292 299 304 308 307 309 311 309 301 296 296 295 294 292 289 285 285 285 290 295 300 304 312 321 327 333 339 344 347 352 358 360 358 357 356 354 351 346 344 340 336 335 330 325 322 320 320 324 326 326 328 333 337 339 337 337 336 333 334 338 345 351
169 170 173 175 178 177 184 193 193 195 199 204 209 214 221 226 230 235 243 251 255 258 262 265 268 273 276 277 279 283 287 292 292 292 295 300 305 307 311 315 317 317 314 307 305 304 302 301 298 295 293 294 299 306 310 313 317 324 329 333 338 343 347 353 360 363 363 362 362 363 360 358 355 350 348 343 339 333 332 332 333 336 335 335 337 341 344 344 341 340 341 342 342 345 348 353
174 174 177 181 186 194 201 201 197 195 199 202 208 213 217 221 225 232 241 250 252 255 258 260 263 268 272 274 276 280 286 290 293 295 298 303 310 314 316 320 323 323 320 316 319 317 314 309 308 306 305 305 311 316 321 321 323 327 331 333 336 340 347 354 360 363 365 369 370 374 371 365 362 362 356 351 347 347 345 343 344 346 344 342 345 347 346 347 348 346 347 350 350 350 352 356
195 196 195 202 211 217 223 221 214 214 212 212 214 215 215 216 221 227 236 242 247 248 251 253 257 263 268 270 273 277 283 286 290 295 300 307 313 317 320 323 325 327 328 330 333 331 326 319 316 313 313 314 317 321 324 325 328 331 334 335 337 340 345 352 358 363 369 374 380 381 375 370 368 367 364 359 356 357 356 352 351 352 352 354 354 355 351 352 353 354 355 358 359 359 360 362
217 217 220 225 230 232 233 235 235 236 234 229 228 222 214 216 218 223 228 234 239 241 241 245 253 258 262 265 268 273 279 285 288 293 299 307 314 319 325 328 331 335 338 341 345 345 338 331 322 322 321 320 321 322 327 330 332 335 336 338 339 342 345 350 357 363 372 379 386 390 389 382 376 376 373 369 368 368 366 362 359 361 364 365 366 365 360 360 361 363 366 368 369 370 371 373
229 233 235 238 238 238 237 239 242 243 242 241 241 230 230 228 224 224 225 228 232 235 238 242 248 254 257 259 260 266 272 280 287 292 299 308 316 322 330 336 340 343 346 350 354 354 349 342 340 336 331 325 325 327 330 341 346 343 344 343 345 344 347 352 358 364 374 386 394 400 400 394 388 384 384 383 381 380 378 376 376 376 376 377 376 375 370 367 369 371 372 372 374 378 382 385
233 236 240 243 243 242 241 244 246 247 247 250 253 248 250 247 239 233 228 228 232 236 243 247 248 252 255 256 258 261 268 275 282 289 297 307 316 324 333 341 346 349 352 357 358 358 357 356 356 355 341 339 338 343 349 357 359 355 352 352 351 351 352 353 359 366 376 386 396 403 404 401 397 396 396 396 391 390 390 391 391 391 391 390 390 386 381 377 377 380 378 376 380 385 389 393
232 237 241 244 246 247 247 247 249 252 253 255 256 259 260 257 252 247 239 234 238 242 248 251 252 255 258 260 260 263 268 272 279 285 294 304 313 322 331 341 347 352 356 361 362 362 363 364 365 366 361 356 355 362 368 371 368 362 361 359 358 358 357 357 363 371 378 385 395 400 404 405 403 402 401 399 399 400 401 402 403 404 404 401 398 397 393 389 388 388 384 385 388 391 392 398
232 236 241 243 246 248 249 249 252 255 257 258 259 261 263 263 262 258 247 242 245 250 253 256 258 260 263 263 265 268 271 274 280 286 294 301 312 320 330 340 348 353 358 362 364 366 367 368 369 369 369 366 367 372 376 377 374 373 370 368 368 369 367 369 371 375 379 388 394 399 402 405 407 407 405 403 403 405 406 407 409 411 411 407 403 403 404 402 399 398 396 398 402 399 400 405
233 237 241 242 242 245 247 249 251 255 258 260 262 262 263 264 265 263 257 254 256 259 264 269 271 272 272 273 277 280 278 279 282 287 294 301 311 322 330 339 345 351 358 362 364 367 370 370 371 372 374 375 378 379 380 380 382 382 381 379 378 379 381 380 379 380 384 390 393 395 399 403 406 406 405 403 405 407 409 410 411 413 412 409 407 408 410 411 409 409 409 413 415 412 411 414
232 236 239 239 238 240 242 244 248 252 258 261 262 262 263 265 267 267 266 264 263 265 272 280 285 285 288 291 294 290 284 282 283 288 294 300 308 318 328 332 336 346 355 360 364 367 368 369 370 372 376 380 381 381 381 382 383 384 384 383 382 383 383 383 383 384 388 390 389 389 390 396 399 400 400 400 402 405 408 409 412 413 415 415 415 415 418 416 416 417 418 420 423 426 423 421
226 230 233 234 234 234 236 240 244 249 257 260 260 262 264 267 268 269 270 268 267 269 278 287 293 294 297 301 301 297 292 288 286 288 294 299 304 310 317 324 327 336 345 354 361 365 367 368 369 370 375 378 380 380 379 379 380 381 379 378 375 377 379 379 380 385 389 388 385 380 381 385 389 392 394 395 398 401 404 408 410 414 417 420 421 422 421 423 425 432 434 437 440 439 435 432
218 223 226 228 229 229 231 235 239 245 250 257 258 262 264 267 269 270 273 274 274 279 286 292 294 294 297 300 302 301 298 295 291 290 293 298 303 307 311 317 323 328 336 342 352 360 365 367 367 368 371 373 372 370 370 370 366 367 366 364 363 367 369 371 373 376 378 378 373 371 372 377 381 385 388 388 392 397 400 403 407 413 417 419 420 420 421 425 430 439 445 449 450 448 447 443
209 213 216 220 225 226 228 230 232 232 237 245 250 254 261 264 266 269 272 275 277 280 284 289 289 288 289 293 294 295 295 294 293 293 294 297 301 305 308 314 318 323 328 333 340 347 355 360 364 365 366 365 362 357 353 351 351 354 356 353 353 356 359 361 362 362 361 362 363 365 366 369 371 375 377 380 384 389 393 395 399 406 413 417 416 416 418 422 429 438 448 455 457 455 453 452
199 200 202 208 216 220 222 224 223 224 225 229 234 240 251 256 258 262 265 268 273 273 275 276 275 275 278 280 282 285 284 286 289 292 293 296 300 301 303 306 309 314 319 324 329 335 344 349 354 356 357 354 350 346 342 341 341 345 345 345 344 344 345 348 348 347 346 348 351 355 358 361 361 366 368 371 375 379 382 384 389 396 403 408 409 407 412 418 424 433 447 456 460 460 460 458
187 187 189 194 202 208 211 214 214 215 216 219 222 228 237 242 246 250 253 259 262 262 261 261 261 263 265 267 270 269 273 276 279 281 283 287 293 295 295 297 301 307 311 315 317 324 330 335 339 342 340 337 336 335 332 331 332 333 333 332 330 332 333 334 336 335 334 335 337 341 347 349 350 353 359 361 363 368 370 374 379 386 390 394 395 399 404 412 420 430 443 452 457 460 463 463
173 171 176 182 187 192 201 204 205 205 207 207 210 214 221 225 229 237 240 245 248 247 247 247 248 250 251 252 253 256 259 264 267 269 272 276 282 286 288 289 293 299 305 308 310 314 316 321 324 324 325 323 322 322 320 320 321 322 321 318 317 319 320 322 325 326 325 326 328 332 335 338 340 343 348 352 355 358 360 365 373 381 384 386 388 393 399 405 414 426 437 446 453 459 463 465
151 154 163 170 174 177 183 189 191 193 195 198 201 205 208 213 217 224 227 232 233 232 232 234 236 238 240 240 241 245 249 251 253 258 262 267 274 277 279 280 284 290 297 300 305 307 308 308 308 310 311 311 308 305 304 302 304 305 306 306 305 307 307 309 314 318 321 321 323 324 327 330 334 338 343 347 350 351 353 360 369 377 381 384 386 388 394 399 411 422 430 438 447 455 461 465
142 146 153 159 164 165 165 170 174 177 183 191 195 196 199 203 207 213 217 217 218 218 220 224 224 229 229 230 232 235 238 239 242 244 249 257 264 268 269 272 278 284 288 293 298 301 299 296 295 294 297 297 295 291 287 283 287 288 290 291 292 294 296 300 308 315 320 321 321 323 324 327 332 338 344 348 351 351 354 361 372 378 381 385 390 394 399 402 409 417 423 431 440 449 458 464
141 144 149 152 153 153 154 155 162 168 175 180 183 186 189 191 194 198 202 205 205 205 207 208 211 208 211 218 221 225 228 227 231 233 241 248 253 258 262 267 274 278 282 286 290 292 287 282 281 280 281 280 278 278 275 275 275 276 278 279 282 287 293 301 308 316 320 322 325 327 327 329 334 340 346 350 352 355 359 367 378 384 386 391 397 401 405 409 412 418 424 427 434 445 455 461
145 149 152 151 150 149 150 152 157 162 166 167 169 171 174 177 179 180 184 189 191 191 195 198 198 197 197 199 208 212 215 218 220 225 232 241 242 248 254 261 267 271 275 278 281 279 275 271 268 266 265 264 264 265 268 270 271 271 271 274 278 286 296 304 311 315 319 323 327 329 331 332 338 343 347 350 354 360 366 375 383 389 392 396 400 403 407 411 416 424 431 434 436 446 453 461
158 160 163 163 160 157 159 160 161 163 163 162 161 163 165 168 170 172 175 177 176 180 180 182 187 187 187 191 196 202 206 209 213 216 220 227 234 242 250 254 257 260 265 267 265 262 260 258 255 255 256 256 256 259 264 266 269 270 270 272 277 285 296 304 308 313 317 323 328 331 332 335 341 348 352 354 358 366 374 381 384 390 395 399 403 407 411 414 419 429 439 444 445 450 458 465
171 176 179 180 179 175 171 170 169 169 167 165 166 168 170 171 170 170 171 173 175 175 175 176 177 180 182 190 195 201 200 202 205 207 212 219 225 231 238 241 242 246 248 252 250 248 247 247 247 249 252 254 256 260 263 266 267 270 271 272 276 284 292 299 305 311 318 325 331 333 335 336 344 352 358 360 364 370 377 379 385 393 397 402 406 410 415 419 425 434 442 448 452 455 461 467
178 184 187 187 185 182 179 178 177 174 175 175 179 179 184 182 178 175 175 176 180 182 181 180 182 184 189 196 202 201 199 197 198 202 207 211 213 215 219 224 225 230 236 238 238 238 238 241 242 246 250 254 257 261 264 265 267 271 272 273 279 285 292 299 306 314 321 327 330 333 333 342 351 359 363 367 370 376 381 384 388 395 400 404 407 411 417 422 428 436 443 450 455 459 465 471
180 186 189 191 192 193 191 186 184 183 186 193 196 196 197 195 193 189 188 190 191 191 192 194 198 202 204 206 206 204 198 196 199 203 205 207 207 207 210 214 219 223 227 227 229 231 233 236 240 244 250 255 259 263 264 266 271 275 277 280 286 293 297 302 310 318 323 327 331 331 337 347 362 368 370 373 378 383 388 391 394 399 402 406 410 415 419 424 431 438 445 452 458 462 469 477
186 190 192 197 200 203 198 194 193 195 201 206 211 213 211 209 208 205 203 204 204 205 203 204 207 210 214 215 212 209 208 209 208 209 213 211 212 210 211 215 218 222 225 223 224 228 232 236 241 246 250 257 262 265 267 270 275 281 284 289 297 302 305 310 316 320 324 329 331 337 344 358 368 375 378 381 384 388 391 396 400 404 407 410 415 420 425 430 434 441 447 454 461 466 473 481
196 198 201 206 208 208 209 210 212 211 215 220 220 221 223 218 216 215 214 216 219 218 218 216 218 220 223 225 225 225 225 220 223 226 226 226 223 222 224 226 227 232 232 230 229 230 238 243 245 248 253 258 262 265 268 272 277 282 291 300 305 311 316 321 323 325 326 332 338 345 355 365 376 381 384 388 391 394 397 400 403 408 410 412 417 424 430 433 437 442 449 455 464 471 476 483
211 212 214 217 220 219 220 224 227 226 230 233 230 230 228 226 225 226 229 231 234 233 232 235 233 233 234 237 240 239 235 234 235 237 240 242 242 241 241 240 244 246 245 241 238 240 246 250 252 254 258 262 265 267 270 276 281 291 302 310 317 322 327 331 335 336 335 339 344 352 358 371 380 385 391 395 397 398 398 402 407 412 414 415 419 427 434 439 442 445 450 457 464 471 477 482
227 229 229 230 228 229 235 240 241 243 252 254 251 244 241 238 237 241 246 248 251 250 252 252 248 243 244 248 249 249 248 247 248 249 254 263 265 264 262 261 259 263 259 252 247 243 248 257 258 262 267 269 273 278 284 286 292 301 313 321 328 334 339 345 351 352 352 349 353 355 362 371 380 387 390 398 401 403 405 410 414 418 418 417 423 433 441 446 448 448 452 459 464 470 475 482
245 245 243 241 241 245 249 251 250 252 257 263 262 257 255 254 255 258 262 269 272 272 270 267 266 260 259 258 257 257 259 260 263 265 276 286 290 285 283 283 284 282 273 266 256 250 255 261 264 268 275 281 285 294 301 309 314 318 328 337 342 347 354 361 366 368 367 364 363 361 366 373 381 387 391 398 404 408 414 420 423 424 423 425 432 441 446 448 449 451 453 458 465 472 477 482
254 257 257 258 261 265 267 264 261 260 264 267 267 267 268 271 275 277 279 285 289 293 290 290 284 283 276 271 269 272 271 273 276 279 288 298 301 297 296 299 304 304 301 291 278 275 268 269 271 279 289 294 297 310 325 335 338 339 343 349 355 359 367 374 378 378 376 374 369 366 367 371 379 386 391 398 405 410 416 423 427 428 433 438 443 448 449 449 453 454 457 460 468 474 480 486
256 262 264 267 272 278 281 279 276 278 280 283 282 281 282 283 287 289 293 300 306 307 306 303 300 295 290 285 283 281 283 285 286 290 296 303 308 306 310 317 322 327 323 316 308 302 296 293 292 298 301 306 316 329 338 343 349 350 353 359 365 370 376 382 386 385 383 379 375 370 368 371 375 384 390 399 406 412 419 427 437 441 442 447 453 456 455 457 461 465 465 470 473 476 482 489
253 260 265 268 273 281 285 285 284 285 289 292 291 292 293 294 295 299 303 310 319 324 322 319 316 310 305 303 299 298 298 298 299 302 306 313 316 321 326 329 333 334 332 327 323 319 318 312 306 308 312 319 332 341 345 350 357 360 362 371 375 379 384 391 392 393 389 385 378 374 371 373 378 385 391 399 409 417 427 436 444 449 450 455 464 467 465 466 471 476 479 480 479 481 485 492
257 263 266 270 274 279 285 287 288 291 295 298 299 300 303 304 305 305 308 317 324 328 329 327 325 324 323 322 320 313 310 310 310 315 321 326 330 335 340 339 339 339 339 335 331 333 332 327 319 322 324 333 340 347 352 359 367 370 374 381 388 393 399 403 402 400 398 393 388 382 378 378 380 386 393 402 413 425 436 443 450 454 459 464 472 479 482 480 481 482 483 484 485 487 492 498
266 267 269 272 274 279 286 291 295 300 304 304 305 307 309 309 310 310 313 320 325 329 329 328 329 332 332 331 329 323 322 322 326 328 331 335 340 343 343 342 342 343 344 345 346 344 341 338 339 341 344 347 352 358 363 370 377 385 391 396 398 403 409 409 410 411 411 409 407 399 398 393 388 391 397 407 417 427 437 444 450 457 463 467 472 478 484 488 488 488 488 490 494 498 502 505
266 269 272 274 277 284 295 298 300 305 308 308 308 311 313 313 314 315 318 322 327 329 330 331 333 335 334 334 333 332 333 336 338 339 339 340 343 345 345 344 345 347 348 349 351 350 348 348 349 352 357 358 361 367 373 377 384 391 398 398 400 407 414 415 416 417 418 420 421 425 420 413 402 398 404 411 419 426 432 438 444 450 457 461 465 474 483 492 494 496 497 499 501 503 506 511
264 268 272 277 279 286 295 299 301 305 308 309 310 314 315 315 316 317 319 324 327 329 330 333 335 335 336 336 337 338 339 340 340 341 341 342 344 344 344 344 345 348 351 353 354 357 357 357 358 361 365 368 370 373 378 380 382 389 394 397 403 413 418 420 421 422 426 427 429 431 430 423 416 413 411 413 419 422 425 430 438 444 449 452 459 469 484 492 498 502 506 507 507 508 512 516
262 264 267 273 278 284 292 299 301 305 308 310 311 313 314 315 316 317 320 324 326 328 331 334 335 336 336 338 339 340 341 340 339 339 339 341 342 343 343 344 345 347 350 352 355 359 360 362 365 368 372 377 377 378 381 383 383 386 394 400 409 417 422 425 426 429 431 432 433 435 433 429 422 417 415 416 417 419 422 427 432 438 444 450 458 470 483 495 501 505 508 510 512 513 521 528
257 258 261 268 275 282 291 297 301 304 307 309 310 311 313 314 315 317 320 325 327 328 330 332 334 334 336 338 339 339 338 337 336 337 338 339 339 339 340 343 344 346 349 352 354 356 360 364 367 371 375 379 380 382 386 389 391 394 400 407 413 421 427 429 430 434 437 437 440 440 440 435 431 427 422 422 422 422 423 426 430 440 450 459 466 475 488 498 503 506 510 514 517 520 530 539
249 253 258 263 271 279 287 295 297 300 303 304 307 310 312 313 314 314 318 322 327 327 329 333 333 333 334 336 337 336 334 333 333 334 334 335 335 336 338 341 343 345 348 352 354 357 360 365 368 371 376 380 384 385 389 396 404 403 406 410 415 422 427 430 432 436 439 441 442 443 443 444 443 437 432 430 429 426 426 429 435 445 458 466 474 481 487 496 501 506 511 516 519 526 535 545
239 246 253 257 264 273 279 285 290 291 291 295 301 307 311 313 313 314 315 319 323 325 326 329 330 330 330 333 333 332 331 330 330 329 329 331 333 335 337 340 341 344 349 351 355 358 361 364 367 372 377 385 389 392 396 402 405 406 408 411 415 421 427 430 433 436 439 440 442 443 445 447 448 449 447 445 441 436 435 437 442 451 460 468 476 482 487 493 498 504 511 519 523 528 540 552
232 240 247 250 255 264 272 276 282 284 285 291 299 305 310 312 314 313 314 316 320 323 325 325 326 325 326 328 328 329 328 327 326 325 325 327 330 334 336 338 340 344 347 351 355 358 360 364 368 374 381 389 396 400 404 403 405 407 409 411 415 422 428 431 432 434 436 438 440 443 446 450 454 459 461 461 457 455 453 449 450 454 461 469 477 484 489 493 498 504 514 522 527 532 541 552
225 235 242 249 253 259 265 273 278 283 286 292 298 303 306 310 311 311 311 314 319 323 324 324 322 321 321 320 322 324 324 322 322 322 322 322 325 330 334 336 340 343 348 352 356 359 361 363 368 375 382 390 396 402 403 403 404 408 411 414 416 421 428 430 432 433 435 437 439 441 446 451 455 460 465 465 465 468 466 460 456 458 465 475 483 488 490 495 500 507 513 520 528 535 543 554
