data/beirut.asc
ncols        452
nrows        500
xllcorner    35.449305555584
yllcorner    33.790138888885
cellsize     0.000277777778
NODATA_value -32768
[rows 406 to 463 of 500, columns 192 to 287 of 452]
14 15 15 14 14 15 17 21 24 23 22 22 20 18 16 15 16 17 17 18 19 21 20 18 18 20 20 20 21 23 26 28 30 31 31 28 26 26 26 25 24 26 28 29 30 31 33 35 39 41 42 43 44 46 47 45 44 43 44 45 45 46 48 50 50 49 50 53 56 58 59 61 63 64 64 65 67 73 78 81 84 89 92 97 101 104 108 110 111 110 109 103 98 92 85 81
13 13 13 14 15 16 17 20 22 22 21 20 19 18 17 18 19 21 20 19 21 21 21 20 20 21 22 22 22 25 28 32 33 34 32 31 30 30 28 26 24 26 29 31 33 33 35 40 42 44 43 44 45 47 49 49 47 47 48 51 50 48 47 49 50 51 53 58 61 62 63 64 64 64 65 66 69 72 75 81 86 90 94 100 105 108 109 111 112 112 108 104 99 93 86 81
14 14 13 13 15 15 17 18 20 20 20 19 19 18 17 19 23 25 24 23 23 23 20 21 22 23 24 24 25 27 33 36 36 35 34 34 35 34 31 27 25 27 30 32 34 35 40 44 46 45 46 46 47 48 50 51 51 51 52 56 55 51 49 49 50 51 55 61 64 65 65 66 67 68 68 70 70 72 76 82 89 95 99 103 108 110 111 112 112 110 107 103 99 94 86 82
17 16 14 14 14 15 16 17 20 21 20 20 19 18 18 21 25 27 25 25 25 24 22 21 22 23 24 25 24 26 32 37 37 35 34 35 38 37 33 28 27 30 32 34 35 38 44 47 46 45 46 48 48 50 51 53 54 54 55 57 55 52 51 51 51 52 56 62 66 66 67 69 70 72 74 74 75 76 79 84 92 98 102 105 107 109 109 112 112 111 108 105 101 96 90 86
17 16 16 15 15 16 16 19 21 22 21 20 19 18 19 22 25 26 26 25 25 25 23 22 22 22 24 24 24 25 30 35 37 36 34 34 37 38 35 31 31 33 34 36 38 41 44 45 45 45 47 49 50 51 53 55 55 56 56 58 56 54 53 54 54 55 56 61 65 69 70 70 71 74 77 79 80 84 85 88 93 98 100 102 103 103 105 109 113 113 110 107 104 100 97 90
18 18 18 16 16 18 19 19 21 22 21 20 19 18 18 21 23 25 25 25 26 26 24 23 23 24 25 26 28 30 33 35 37 35 33 32 34 38 38 36 34 35 36 37 39 42 44 44 45 47 49 50 51 52 54 57 59 58 59 61 61 58 56 56 57 57 59 63 68 71 72 72 74 77 79 81 84 88 92 94 96 95 95 98 100 102 104 109 112 112 110 107 105 104 98 92
20 21 22 20 20 21 22 23 23 23 23 21 19 17 17 19 22 24 24 24 27 27 26 24 24 26 28 31 33 36 36 36 34 33 32 32 33 37 39 38 36 36 36 36 39 41 43 44 45 46 49 51 53 55 59 64 65 63 62 64 64 63 60 59 59 58 61 66 70 73 74 75 77 79 81 84 87 91 95 100 101 98 97 99 101 104 108 111 113 113 111 108 107 103 100 96
24 26 27 28 25 24 24 26 26 26 25 23 20 17 17 19 22 24 25 26 30 31 30 27 27 29 32 34 37 38 37 34 31 29 30 31 33 36 38 38 37 36 37 37 38 40 42 44 45 45 48 51 54 59 64 68 70 66 63 64 66 65 65 64 65 64 63 67 69 73 75 77 80 83 86 91 96 98 102 107 109 108 106 106 107 109 112 115 116 115 114 112 111 109 106 102
26 28 29 29 28 26 26 27 28 27 27 26 23 20 19 20 22 24 26 29 32 34 33 31 30 31 32 35 37 39 37 34 30 28 29 32 33 35 37 38 37 39 40 40 40 41 43 45 44 45 47 50 55 60 65 69 71 67 63 64 67 70 72 75 75 73 69 66 67 70 73 76 80 86 90 97 100 104 108 113 115 115 114 114 113 114 117 118 119 120 119 119 121 119 113 109
27 27 27 26 26 26 26 28 29 28 28 27 26 24 23 22 23 25 27 30 33 35 34 33 32 32 33 35 36 37 38 35 33 29 30 32 34 35 36 37 39 41 42 42 42 43 46 46 46 46 49 52 56 59 63 68 70 70 68 69 73 75 81 84 84 81 75 71 69 68 70 73 77 84 92 97 101 104 109 114 116 117 118 118 118 118 120 121 122 123 124 124 127 127 123 118
24 25 25 24 23 23 26 28 29 28 28 27 27 27 26 25 25 26 28 30 32 33 33 33 34 35 36 36 36 36 37 38 34 31 29 32 34 36 35 36 38 41 42 43 44 46 46 47 49 51 53 55 57 59 62 68 73 75 76 77 78 81 84 86 86 83 79 77 74 73 71 72 75 82 90 94 97 99 106 113 116 117 118 117 116 116 119 122 123 125 125 127 130 134 134 131
23 23 24 24 23 23 25 26 27 28 28 28 28 28 27 26 26 27 28 28 30 30 30 33 36 42 41 39 37 37 38 37 35 31 31 33 36 35 34 34 37 41 44 46 48 48 48 48 51 54 55 58 61 63 69 75 79 81 82 81 84 89 92 91 88 86 84 83 79 79 76 74 75 81 87 90 92 94 97 106 111 111 110 108 107 110 113 117 120 122 127 130 134 138 140 139
23 24 25 26 25 25 24 24 26 29 29 29 28 28 27 27 26 27 28 29 29 28 29 32 38 44 45 43 40 39 38 36 34 33 35 37 37 35 33 33 37 42 46 49 50 50 50 52 54 56 60 65 66 69 74 81 85 85 87 89 91 98 101 98 99 98 97 96 93 89 85 82 86 86 84 85 86 88 90 94 96 97 95 95 101 104 107 110 113 122 128 131 135 142 144 149
23 24 25 27 27 25 23 23 25 27 29 28 27 27 28 28 27 28 31 33 35 32 30 33 38 41 44 42 40 39 37 36 35 35 37 37 36 34 33 34 38 43 48 51 53 54 55 56 60 65 69 70 71 73 79 84 87 90 91 93 97 101 105 108 109 109 107 107 108 107 105 104 102 98 87 83 83 84 84 84 85 86 85 87 95 100 101 104 108 117 125 128 134 141 150 154
22 23 25 26 24 23 23 23 25 26 28 29 30 30 30 30 30 31 34 38 39 36 33 35 37 38 39 38 38 38 39 39 41 40 38 37 36 37 38 39 42 46 51 55 57 59 61 62 67 70 72 72 75 77 82 86 90 92 94 98 104 109 112 116 119 120 118 116 116 115 115 117 116 110 100 87 87 85 85 84 83 82 83 85 89 92 95 98 104 110 117 124 131 141 151 155
22 24 25 25 24 24 24 25 26 28 29 32 34 34 34 33 33 33 36 38 37 33 32 34 36 37 36 36 39 40 42 45 46 44 42 39 40 43 45 46 48 50 55 59 60 63 65 68 70 71 71 75 76 79 83 92 94 97 102 109 115 119 123 126 130 131 130 128 123 122 126 124 122 119 111 102 94 91 90 90 88 87 86 88 91 92 93 95 100 104 111 118 127 135 145 149
24 26 27 27 25 26 27 28 29 30 31 34 36 36 36 36 35 34 35 35 33 31 31 33 35 36 36 38 41 43 45 49 50 45 44 44 46 48 49 50 52 54 57 60 62 66 71 74 74 73 74 77 78 81 89 97 101 104 111 117 120 125 130 134 139 143 143 141 139 139 139 136 127 123 119 114 109 104 98 97 97 96 93 96 97 97 94 95 98 103 107 113 121 127 135 144
28 31 33 32 30 28 29 31 32 32 32 33 36 37 38 39 38 36 35 35 34 34 34 34 35 36 38 40 42 44 46 49 49 46 45 47 49 51 51 54 57 58 61 63 67 71 74 75 76 78 79 81 81 86 93 101 103 106 112 119 123 127 134 140 146 152 155 155 154 152 152 148 137 130 122 120 121 116 110 109 110 108 104 104 104 102 100 100 101 103 106 112 118 123 129 137
29 34 36 36 33 32 33 34 34 34 34 34 36 38 39 40 39 37 36 36 37 38 37 36 36 37 39 41 43 44 45 46 46 45 46 47 49 52 55 57 60 63 65 69 73 76 77 76 78 81 83 85 86 90 96 100 102 106 113 120 125 132 138 143 151 159 165 166 164 162 164 160 155 141 131 128 126 124 122 123 124 121 117 112 111 111 111 107 104 103 105 112 116 119 124 131
27 32 35 35 35 35 35 36 36 36 35 35 36 37 38 39 39 38 38 39 39 40 39 38 37 38 39 42 42 43 44 44 45 46 46 46 46 52 57 60 63 66 69 73 76 78 79 80 82 86 90 92 92 93 97 100 102 109 115 122 129 133 139 145 155 164 170 172 172 173 173 172 167 160 151 143 137 129 129 136 138 135 130 126 124 124 121 118 116 111 112 115 117 117 121 127
24 28 31 34 35 36 35 35 36 36 35 35 37 38 40 41 41 40 40 41 41 41 42 42 42 41 41 42 42 43 45 48 49 49 49 47 49 53 60 64 67 69 72 75 78 80 82 84 88 92 97 99 99 102 102 104 106 112 119 127 134 135 139 144 155 164 172 178 179 179 180 179 175 171 164 161 152 141 143 149 153 147 141 140 142 141 140 140 134 131 128 126 123 121 124 128
23 26 30 34 36 35 34 34 35 35 34 35 38 42 43 43 43 42 41 41 41 42 43 46 46 44 42 43 44 45 49 51 52 52 52 53 54 58 62 66 67 68 71 76 82 87 88 89 92 98 105 106 107 110 114 114 112 118 126 131 136 139 140 145 155 166 174 179 182 184 187 187 182 178 174 170 170 164 160 159 163 162 158 160 162 160 161 155 148 144 140 135 130 128 129 133
22 25 29 34 35 35 33 33 35 35 33 35 39 42 44 44 43 43 42 42 42 44 46 48 49 47 45 46 47 48 50 53 54 53 54 56 58 60 62 65 67 69 72 77 86 93 93 95 100 107 109 110 114 120 122 121 124 126 131 134 137 142 145 150 158 167 172 177 181 186 192 194 192 187 183 179 176 174 172 175 178 176 176 175 176 174 171 167 160 156 151 144 138 135 134 137
25 26 29 31 32 32 32 32 33 34 34 35 37 40 41 43 43 43 43 43 45 47 50 51 52 50 48 48 50 51 54 57 57 57 56 58 60 62 63 66 69 72 75 79 87 94 96 99 106 110 111 113 118 124 126 129 130 132 136 139 145 149 151 156 164 169 172 175 182 189 199 202 199 195 190 185 182 184 187 187 188 186 185 185 187 186 184 178 174 171 163 158 151 146 145 146
28 29 30 30 30 31 32 31 32 32 33 35 38 39 40 41 42 43 44 45 48 51 52 53 52 51 48 49 51 56 61 64 65 62 61 61 61 64 65 67 72 75 78 83 90 95 98 101 105 110 112 116 122 125 128 129 133 136 140 145 151 155 161 164 170 176 179 181 185 193 202 207 205 200 195 191 191 192 192 191 191 192 194 198 203 205 201 194 189 181 173 168 165 159 158 156
30 32 32 31 31 32 31 31 32 33 35 37 41 42 41 41 42 44 46 48 50 52 52 51 52 51 49 49 53 59 65 68 68 66 65 65 66 67 68 68 70 75 78 84 90 93 95 98 102 106 111 118 123 127 129 132 137 141 146 151 156 162 165 168 175 183 186 185 189 197 207 212 212 209 206 202 201 202 201 197 196 199 205 211 215 215 212 208 201 192 184 179 175 168 163 162
33 34 35 35 35 34 33 33 34 37 39 41 43 43 43 42 42 43 45 47 49 50 50 51 52 51 51 53 57 61 65 68 69 69 70 70 70 70 70 70 71 72 73 78 81 84 89 95 100 103 108 117 123 128 131 134 139 145 151 157 161 165 168 172 179 187 190 191 195 204 213 219 219 220 216 213 213 213 213 210 206 207 213 219 222 223 220 217 214 210 202 190 184 173 168 167
35 35 36 37 38 37 35 35 36 39 42 44 44 43 42 42 42 42 44 46 47 49 50 53 54 54 54 57 61 63 65 67 69 70 72 72 72 73 74 75 74 73 72 74 77 80 85 94 100 102 106 115 123 127 131 136 141 149 156 162 165 168 173 180 187 191 197 201 206 211 217 220 223 223 221 219 219 221 223 224 223 221 224 228 233 234 231 227 224 218 213 205 192 180 173 174
35 35 33 37 38 38 37 37 37 39 42 45 44 43 41 41 41 41 43 45 46 48 50 52 55 55 57 59 63 66 67 68 69 71 72 73 74 76 78 78 76 75 78 80 83 85 89 95 97 100 105 113 121 127 133 139 146 153 158 163 170 173 178 185 190 195 203 209 211 215 217 221 224 225 225 226 226 228 231 233 234 233 234 238 241 244 244 239 234 229 221 212 203 188 178 179
37 37 35 34 36 37 37 38 39 40 42 44 44 43 42 41 41 40 42 44 46 48 50 51 53 55 57 60 64 67 68 68 70 71 72 73 75 78 80 79 78 79 83 88 93 98 97 98 97 99 104 111 118 127 134 143 151 154 158 163 171 177 182 188 192 198 207 213 216 217 218 221 224 226 230 231 232 234 237 239 242 241 243 246 251 253 255 252 248 243 234 219 206 196 186 185
36 38 37 34 35 36 38 40 42 42 42 42 44 42 43 43 41 41 41 43 45 48 49 50 50 54 59 62 64 65 65 66 67 70 72 74 76 80 82 82 82 84 90 96 102 105 106 105 103 102 105 108 114 125 133 140 150 154 157 163 172 179 185 191 196 202 209 216 217 218 219 221 223 225 229 233 235 237 239 241 243 247 249 252 255 259 262 263 263 254 244 229 217 203 193 191
34 36 37 37 38 39 40 42 44 43 44 44 46 46 46 45 43 42 43 43 44 45 47 48 49 54 60 63 63 62 62 63 66 70 73 74 77 81 83 84 84 88 96 103 108 110 112 112 110 108 109 110 112 118 126 132 142 150 157 163 172 179 186 191 196 200 206 210 213 213 216 217 218 221 224 228 231 234 236 238 240 245 249 251 256 260 264 270 269 264 255 242 228 216 203 197
34 35 37 39 41 41 41 43 44 45 46 48 50 50 50 48 46 46 47 47 46 46 47 49 51 56 59 62 62 63 63 64 66 70 72 74 78 82 84 85 87 92 98 104 108 111 114 117 117 115 115 113 113 117 124 131 138 145 151 160 169 177 181 185 189 193 195 197 198 204 209 212 212 213 215 217 222 228 232 234 237 242 247 251 256 260 266 271 273 270 264 253 240 228 212 201
37 37 39 40 42 42 43 43 44 47 49 50 51 51 51 50 49 49 51 51 50 50 52 53 54 56 58 59 61 62 63 64 66 68 71 73 78 82 85 88 91 95 98 102 106 111 116 121 123 124 121 118 117 119 125 131 135 139 144 152 160 168 172 174 179 181 181 182 186 194 205 209 208 207 207 211 215 221 227 230 233 239 246 251 256 261 267 273 275 275 266 258 247 231 218 205
38 38 41 41 42 43 43 43 45 47 50 50 51 51 51 51 51 51 52 52 51 52 55 54 55 57 56 57 58 60 62 63 66 67 69 73 77 82 87 90 94 97 100 103 107 113 118 125 128 128 128 128 123 122 125 129 131 134 138 144 151 156 160 162 164 166 167 171 175 183 196 203 203 203 205 208 212 217 223 229 231 236 242 249 255 262 269 276 279 277 271 262 248 232 219 212
39 41 43 44 45 46 45 45 46 49 50 49 49 49 51 52 53 54 54 53 53 56 57 57 57 59 59 59 60 62 63 64 67 68 69 71 76 82 87 92 96 102 107 109 110 115 120 128 131 133 133 133 131 127 126 129 130 132 134 138 142 145 146 147 150 154 158 167 173 180 186 194 199 201 204 207 213 220 225 230 234 236 242 250 259 264 271 276 279 279 275 266 254 239 227 217
42 44 47 47 48 49 47 46 49 52 53 51 50 50 52 54 55 56 57 57 57 60 61 60 61 61 61 62 64 65 66 67 69 69 70 69 75 83 90 96 102 108 114 115 115 119 123 129 135 137 138 137 135 132 131 132 133 134 135 138 139 139 139 140 145 151 157 165 175 181 188 194 199 204 206 211 220 226 230 234 236 241 248 258 265 270 272 276 279 281 277 269 258 245 233 221
47 49 50 50 50 50 49 48 50 53 54 54 54 54 54 55 54 56 58 60 62 64 65 66 65 64 63 64 65 67 68 69 71 72 72 72 77 86 92 103 109 114 118 122 125 126 131 137 141 142 142 140 136 134 135 140 145 146 144 149 150 147 143 142 147 153 159 169 179 186 192 200 206 211 213 219 226 231 235 238 242 248 256 263 268 271 274 277 282 283 278 269 260 247 233 222
50 51 51 50 50 50 50 51 52 54 56 58 59 59 57 56 55 58 60 64 65 67 69 70 70 68 67 67 70 73 73 73 74 75 75 79 83 85 88 100 109 115 120 128 133 135 140 145 145 145 145 141 137 135 137 145 152 155 157 160 163 161 154 152 156 158 163 171 181 188 196 205 212 218 223 227 232 238 241 247 253 259 263 265 270 276 281 284 286 285 280 272 262 247 232 222
50 50 50 49 49 51 52 53 55 57 59 60 61 60 59 59 60 62 64 66 68 70 72 74 74 74 73 75 79 82 81 79 79 79 80 80 82 82 85 91 101 111 119 131 139 144 147 150 150 150 149 145 141 138 141 146 155 160 165 171 173 173 172 170 169 168 168 174 183 189 197 210 216 221 228 234 240 245 251 254 260 264 267 273 278 284 291 293 294 292 287 276 265 250 233 223
48 48 49 49 49 50 52 54 56 58 60 60 61 62 61 63 64 66 67 68 71 73 75 76 80 81 83 84 88 90 89 89 89 88 87 86 83 80 81 86 97 107 117 130 141 146 151 155 158 158 156 152 147 145 145 151 156 165 174 180 183 184 185 184 180 177 178 181 188 193 201 213 221 227 235 242 247 255 259 262 266 271 277 281 287 292 297 301 301 297 290 275 264 254 241 229
48 48 49 49 49 50 52 55 59 60 61 61 63 64 65 65 67 70 74 74 76 77 77 79 82 87 89 92 95 98 98 99 100 100 98 93 86 81 78 82 92 104 116 128 138 147 152 158 161 162 161 158 154 150 151 156 161 170 179 185 190 192 195 196 195 194 195 195 197 199 205 216 225 233 243 247 253 260 268 271 275 279 283 288 294 297 301 304 304 299 288 276 266 255 240 228
51 50 50 51 51 51 54 60 63 64 63 64 65 67 69 69 70 75 78 79 78 79 81 83 86 90 92 95 99 102 107 108 110 111 106 101 93 85 80 80 88 100 112 121 131 143 153 158 163 164 165 164 162 156 156 159 164 170 180 188 195 199 203 209 213 211 209 206 204 207 211 219 226 236 246 251 256 264 270 276 278 281 286 291 296 298 300 304 305 298 290 280 270 258 243 230
55 53 52 53 53 54 58 63 66 65 65 67 68 70 73 72 74 77 80 79 80 82 84 88 93 94 94 96 98 106 111 114 117 119 117 112 103 91 82 81 86 97 107 118 126 138 149 156 161 163 165 168 168 164 161 161 165 172 178 187 194 202 207 213 217 220 218 213 211 212 215 219 226 235 244 249 255 262 269 275 277 281 287 293 296 298 301 305 305 301 295 289 280 267 255 243
59 56 55 55 55 56 59 63 65 65 68 70 71 71 75 76 78 80 81 82 83 84 86 92 98 98 97 97 100 106 113 117 122 129 128 123 111 93 85 82 86 92 99 109 121 131 139 148 156 161 164 168 171 170 168 167 168 170 176 181 190 198 207 213 219 224 225 224 223 221 222 223 227 235 242 248 255 260 268 273 277 281 288 293 297 300 304 307 309 307 304 300 292 281 268 258
62 61 60 61 60 59 60 62 64 66 69 73 74 75 78 81 82 84 86 86 86 87 90 96 100 101 101 101 103 109 113 120 127 134 136 133 117 102 91 86 86 90 96 102 113 123 129 137 148 155 160 165 170 173 173 173 171 171 173 177 186 194 201 209 219 226 230 233 234 234 232 231 234 237 242 247 252 257 263 269 274 280 286 291 298 303 307 311 314 315 315 311 306 297 284 270
65 63 62 64 63 62 62 62 64 68 72 77 78 80 84 88 89 91 92 91 89 91 97 101 102 104 106 109 111 113 118 122 128 136 142 141 130 117 104 91 86 90 95 101 110 120 125 131 138 149 156 164 170 173 174 176 176 175 174 176 182 190 197 205 215 225 230 236 243 246 245 246 247 247 246 249 252 256 259 266 270 276 284 291 299 305 309 313 317 320 321 319 312 305 294 277
70 68 67 66 65 63 62 62 66 71 77 81 85 87 91 95 96 96 96 95 96 99 104 106 106 109 114 119 120 121 122 125 129 135 141 142 136 124 111 97 91 93 96 101 109 118 124 127 133 140 152 160 167 171 176 180 183 182 183 182 183 190 194 202 210 220 226 235 247 249 250 253 256 256 256 256 258 261 265 269 274 280 283 291 299 305 310 315 320 323 326 324 318 309 300 285
78 76 73 70 66 61 62 65 68 74 79 85 89 91 94 98 99 100 101 103 107 111 111 112 112 115 120 124 127 127 126 127 128 134 141 145 143 133 122 109 99 98 97 101 107 115 120 128 130 136 146 156 163 171 178 182 184 188 194 193 192 191 193 197 204 211 219 227 240 246 249 255 260 262 264 263 263 267 273 279 282 283 286 291 298 305 311 317 321 325 328 328 321 311 301 292
84 82 79 74 66 65 67 69 70 75 80 86 90 92 93 97 102 107 110 112 114 115 117 121 123 126 128 131 132 132 131 129 130 133 141 149 148 142 134 124 116 110 106 104 107 112 116 123 128 135 145 155 161 172 177 180 183 190 196 200 199 195 193 194 200 208 213 220 229 238 245 252 257 260 262 265 267 271 277 283 285 288 291 294 300 308 313 318 323 326 329 329 324 315 306 296
92 88 86 83 77 72 71 71 73 74 81 88 92 94 96 100 106 112 116 116 117 120 123 127 131 133 138 140 140 137 137 135 133 135 141 150 153 152 146 136 131 124 118 111 110 110 112 117 124 130 141 150 157 164 173 179 184 190 197 202 205 204 201 199 202 207 211 216 223 230 238 246 250 254 258 261 266 272 278 284 287 289 291 294 301 310 316 320 323 326 328 331 329 324 315 305
96 94 92 90 86 82 75 72 72 73 79 86 93 96 99 104 108 113 117 118 120 125 128 131 134 139 144 146 145 145 144 142 138 137 144 154 158 162 159 154 146 139 129 119 115 112 111 113 118 123 133 144 152 160 169 176 182 187 196 203 207 211 212 211 212 213 213 214 217 224 234 241 245 250 253 257 262 268 274 279 282 285 289 293 301 311 316 320 323 324 328 331 332 328 322 310
98 100 98 96 95 90 81 74 73 73 76 81 89 94 97 101 104 107 111 117 121 128 133 137 140 143 148 150 151 151 151 150 146 147 151 157 165 169 170 168 162 154 142 131 128 123 114 115 117 122 128 141 151 159 169 178 182 188 197 203 209 212 214 218 220 221 220 218 219 228 237 244 247 250 252 256 259 264 269 273 276 280 285 293 302 307 314 318 321 326 330 335 335 331 323 314
103 106 106 103 99 98 88 79 76 74 75 78 84 87 89 94 97 98 102 108 117 127 136 141 145 148 150 152 155 157 158 158 156 156 157 163 169 174 175 175 172 165 156 148 144 136 127 125 123 124 127 140 154 164 176 184 189 194 200 204 206 209 212 217 221 224 226 226 228 235 241 247 250 253 256 258 262 266 269 272 274 278 285 293 299 305 311 317 323 328 333 337 338 335 327 319
109 112 112 107 103 100 94 86 81 79 78 78 78 81 83 85 90 92 95 102 111 123 131 139 145 149 150 154 158 161 164 164 164 162 163 168 175 180 183 185 188 179 167 160 156 152 147 140 130 125 129 142 157 166 178 190 194 198 200 203 205 207 210 215 219 224 228 230 235 239 245 249 253 256 259 262 265 269 273 275 277 282 289 297 303 309 313 320 325 329 333 338 339 338 332 324
111 116 119 115 110 106 102 96 91 89 86 85 86 84 83 85 88 89 92 96 106 114 123 127 139 146 150 155 158 163 169 172 171 169 168 172 179 185 189 196 198 193 181 171 166 162 155 145 136 133 135 145 156 164 174 186 191 194 196 200 203 206 211 214 217 223 228 230 235 242 248 251 254 257 260 263 266 268 273 277 281 286 293 300 307 310 315 321 324 327 331 336 338 339 336 331
112 117 120 120 119 115 110 106 105 105 105 103 103 105 107 106 102 98 94 96 105 112 117 122 128 137 144 149 156 163 171 176 177 177 177 179 183 188 193 199 202 199 190 181 177 172 165 155 146 142 139 142 149 156 166 174 181 186 190 193 198 202 208 212 216 220 225 230 233 242 248 251 253 254 258 262 266 270 273 277 283 289 296 303 306 309 314 318 321 325 331 336 338 339 337 333
112 117 122 124 126 125 120 115 117 117 117 116 118 119 119 119 116 115 110 109 113 114 117 119 121 128 133 141 151 164 172 176 180 183 184 184 186 189 194 200 204 205 202 197 190 183 176 167 158 151 144 139 138 144 156 166 170 174 179 186 189 196 204 210 214 216 222 227 232 237 244 248 250 251 256 263 271 274 275 278 283 288 294 298 302 306 311 314 317 323 330 334 337 336 335 334
