data/beirut2.asc
ncols        65
nrows        47
xllcorner    35.493750000028
yllcorner    33.890694444441
cellsize     0.000277777778
NODATA_value -32768
 1 3 4 3 3 2 4 3 1 -1 -1 -1 1 2 4 5 3 2 3 2 1 1 4 9 13 16 17 17 18 19 21 20 18 16 16 14 12 9 8 7 7 7 6 6 4 4 5 5 5 5 6 5 3 2 2 1 2 4 2 1 1 1 2 2 1
 4 5 4 3 2 2 2 0 -2 -3 -4 -3 -2 2 5 6 4 3 3 3 3 3 7 11 15 16 16 16 17 18 19 19 18 17 16 14 11 10 10 9 8 6 6 5 4 5 5 5 4 4 5 4 3 2 0 1 2 3 0 0 0 0 0 0 0
 6 6 4 1 1 0 0 -3 -4 -5 -5 -4 -1 2 6 7 5 4 5 5 5 6 8 11 12 13 12 12 13 15 16 18 17 17 17 15 14 12 11 8 5 4 3 3 3 3 3 2 1 1 2 2 2 1 1 1 0 0 0 0 0 0 0 0 0
 11 14 9 4 2 1 0 -2 -3 -2 -1 0 1 2 4 4 6 7 7 6 6 7 7 9 9 9 8 8 10 12 13 13 14 15 15 15 14 12 9 5 3 2 2 2 2 2 1 0 -1 -1 1 1 1 0 0 0 0 0 0 0 0 0 0 0 0
 19 18 17 10 5 2 1 0 0 1 3 4 2 1 1 3 6 8 7 6 5 4 3 4 5 6 5 5 8 10 11 11 12 13 14 13 11 9 7 5 3 2 1 2 2 2 1 1 1 -2 1 0 0 0 0 0 0 0 0 0 0 0 0 0 1
 22 20 20 15 8 2 1 1 1 2 4 4 2 1 1 2 5 7 7 6 4 0 -1 0 2 3 4 3 6 8 9 9 11 12 12 10 8 6 6 5 4 2 2 2 3 3 3 5 5 2 1 0 0 0 0 0 0 0 0 0 0 0 1 1 1
 25 23 19 13 7 4 3 1 0 1 2 3 3 2 2 2 5 7 7 5 2 -1 -2 0 2 4 4 4 6 8 8 10 11 11 10 8 6 5 5 5 3 2 1 1 3 4 6 8 8 6 3 1 0 0 0 0 0 0 0 2 1 1 1 0 0
 26 22 16 10 9 8 5 1 -2 -1 2 4 6 5 4 4 4 5 4 4 3 2 2 2 4 7 8 7 8 9 10 11 12 10 9 7 5 4 3 3 2 1 0 0 1 4 7 8 7 6 4 2 0 0 0 0 0 0 0 7 5 3 2 2 2
 23 19 13 9 10 10 8 3 1 2 4 7 7 6 4 3 2 3 5 6 7 6 5 4 6 8 8 7 6 8 10 12 12 10 8 6 5 3 3 4 4 3 1 1 1 5 7 8 6 4 3 1 0 0 0 0 0 0 0 11 7 3 2 2 2
 23 19 14 12 12 12 13 10 5 4 5 6 6 5 4 2 3 5 7 8 9 8 5 5 5 6 5 3 4 7 10 12 13 10 8 6 4 3 5 8 9 7 4 3 4 5 6 6 4 3 2 0 0 0 0 0 0 0 0 11 7 3 1 2 2
 28 26 22 21 20 21 21 16 10 7 5 4 4 4 4 5 5 7 8 9 10 9 7 7 7 4 4 2 4 9 12 14 13 11 9 6 5 5 8 10 11 8 6 5 4 3 3 3 4 4 2 0 0 0 0 0 0 0 0 8 6 4 2 2 2
 38 36 30 27 26 26 25 20 16 12 9 6 5 5 7 7 7 6 7 9 10 10 10 10 9 6 3 3 6 10 13 13 12 11 9 8 7 8 7 8 9 8 5 4 3 2 2 3 4 5 3 1 1 1 1 1 1 2 4 6 7 4 2 1 1
 42 38 32 27 27 27 27 21 16 13 11 7 6 6 8 8 7 7 8 11 12 14 14 12 9 8 5 6 9 13 15 15 14 12 10 9 10 10 9 8 7 6 5 4 3 3 4 5 6 7 6 4 2 1 1 1 0 0 2 5 6 5 2 1 1
 34 36 32 30 29 30 28 21 13 12 10 8 6 7 8 8 9 11 14 15 17 17 16 14 14 12 11 11 12 16 19 18 16 13 12 12 12 12 11 10 8 5 3 3 4 6 7 7 8 7 7 5 3 1 2 2 1 1 2 2 3 4 2 0 1
 27 30 35 34 35 30 27 17 14 13 12 10 8 8 9 10 12 15 18 20 18 17 17 17 17 17 14 13 14 16 19 18 16 15 13 13 12 13 13 13 10 6 4 7 9 9 9 10 9 8 6 4 3 3 3 3 2 2 2 1 2 2 2 1 2
 26 34 39 42 38 33 27 19 15 15 14 10 11 12 14 15 17 19 22 21 18 17 18 17 17 17 15 14 15 17 17 16 16 15 14 13 13 13 14 15 13 10 13 16 18 16 15 14 13 9 6 4 5 6 5 4 3 3 3 2 2 2 2 2 3
 36 43 46 46 43 38 32 21 18 17 15 14 13 16 17 19 21 24 24 24 21 19 19 18 18 18 18 18 18 18 17 15 16 16 14 14 13 13 14 15 16 18 21 25 24 23 21 20 16 12 7 5 6 7 7 7 5 4 4 3 3 3 4 3 4
 43 49 50 46 44 38 28 23 21 19 20 19 19 17 18 20 24 26 28 27 24 21 19 18 18 19 20 22 23 22 20 19 18 16 15 15 15 15 15 18 20 24 26 26 26 27 25 22 17 13 9 7 7 9 10 9 7 5 4 4 4 5 4 4 3
 47 49 49 45 39 32 25 24 23 24 26 27 25 20 18 20 23 26 28 26 24 20 18 18 18 21 23 26 29 28 27 25 22 23 17 17 16 16 17 19 21 24 25 25 27 26 23 18 15 13 11 9 9 11 12 11 8 6 5 5 5 6 5 3 4
 52 49 46 41 36 35 32 28 29 32 35 35 29 22 21 21 21 21 21 21 20 18 19 20 21 22 24 27 31 32 32 32 34 32 27 22 19 19 18 19 19 21 22 23 24 22 17 13 13 13 12 11 11 12 13 12 9 6 5 6 7 8 7 7 5
 53 48 44 41 43 49 50 43 37 39 40 36 29 23 24 24 23 20 18 18 19 19 21 23 22 23 24 27 30 33 34 37 38 37 35 29 26 25 24 21 19 17 18 18 17 15 12 11 12 13 12 12 11 11 12 12 9 7 6 8 12 13 12 10 7
 51 47 45 47 51 71 67 60 48 44 44 36 26 25 26 27 25 21 19 19 20 21 24 26 24 23 24 26 30 32 35 38 39 38 34 32 33 31 30 27 22 17 16 14 13 12 10 11 12 13 12 10 8 10 11 13 11 9 9 12 16 17 15 12 11
 51 49 47 48 55 68 76 64 50 46 44 36 30 28 28 27 26 24 22 22 23 24 27 27 26 25 26 28 32 34 35 38 37 36 35 37 37 35 33 30 26 22 17 14 13 12 13 14 13 13 12 10 9 10 12 12 14 14 15 17 18 19 17 15 14
 54 52 49 47 50 55 57 50 41 41 38 38 37 33 30 27 27 27 27 26 26 26 28 29 28 29 30 32 36 36 37 36 35 34 37 39 40 39 36 32 29 26 20 15 14 18 22 22 19 16 12 11 11 14 14 14 17 20 21 22 22 22 21 19 17
 56 51 48 46 46 47 47 44 42 40 40 41 42 39 34 30 30 32 32 30 28 30 33 35 34 34 36 39 39 38 38 38 35 35 36 38 40 40 38 32 29 26 20 15 15 22 28 29 26 18 15 13 15 16 15 16 19 22 24 25 25 25 25 25 25
 56 51 47 45 46 46 47 47 44 41 38 39 40 40 37 34 35 36 35 34 35 36 40 43 41 41 44 43 41 39 40 41 40 37 37 39 40 37 34 31 27 22 16 14 14 18 27 29 26 23 19 18 18 18 18 18 20 24 26 26 26 27 29 31 32
 57 51 47 46 47 46 47 47 44 41 38 37 37 37 37 36 38 38 37 36 39 42 44 47 46 46 46 47 43 40 42 45 44 42 40 41 39 36 31 28 23 17 14 14 14 16 21 24 26 27 25 21 20 21 22 21 22 25 28 28 27 27 29 31 33
 58 53 49 48 48 49 50 48 45 43 41 38 37 38 38 39 41 42 41 42 46 48 51 51 51 50 50 48 45 43 43 45 46 46 44 42 40 38 36 30 22 16 14 16 18 18 20 23 26 28 25 23 21 22 24 23 24 25 27 28 27 27 27 29 31
 59 57 53 51 52 53 54 51 49 45 43 41 42 42 42 45 50 51 52 53 55 58 60 61 60 59 54 49 47 45 44 44 47 48 47 42 41 41 40 33 24 18 18 20 21 22 22 23 24 23 22 21 21 23 25 24 23 23 25 25 26 26 27 29 34
 62 62 60 56 54 53 52 52 49 46 43 44 45 45 47 53 58 59 60 61 61 62 63 63 62 60 55 49 45 43 41 43 48 50 43 40 41 42 42 37 29 24 23 22 23 24 23 23 21 20 19 18 19 23 25 24 22 23 26 28 27 26 26 30 34
 65 65 63 57 52 49 49 49 48 45 44 45 47 48 50 56 59 60 60 60 60 61 62 61 60 58 55 48 42 37 36 37 43 42 40 39 40 41 42 39 34 28 26 25 26 26 24 23 23 21 19 19 20 25 27 26 25 26 29 31 30 28 29 31 32
 65 64 59 55 51 50 49 50 49 46 44 46 48 51 52 55 57 58 58 58 59 61 60 58 58 56 51 46 41 35 31 31 36 38 38 39 38 40 41 41 37 32 30 31 31 29 26 25 26 26 25 23 25 28 29 29 29 29 32 34 33 33 34 34 33
 63 60 57 54 55 54 54 54 53 50 48 50 53 55 57 58 58 57 57 59 62 63 61 59 57 54 48 43 39 35 32 31 32 32 33 32 35 39 45 50 48 44 42 42 37 30 27 27 28 31 30 28 28 29 29 30 29 29 32 35 37 37 36 36 34
 64 64 61 60 59 59 59 60 59 58 57 59 61 62 63 62 61 60 59 61 64 63 61 57 55 50 45 42 37 34 33 32 29 29 27 29 35 45 52 57 54 52 51 47 38 31 28 27 30 33 33 30 30 29 29 29 29 29 31 32 35 37 37 38 36
 67 68 67 65 62 61 61 62 65 66 66 66 67 67 67 66 64 65 64 62 64 65 60 55 50 46 43 41 36 34 34 31 30 30 29 31 39 49 54 55 52 51 50 44 38 34 28 27 30 34 34 33 34 34 32 31 31 31 30 31 34 36 40 41 40
 72 72 71 68 64 63 63 66 69 70 70 69 67 70 72 70 70 70 69 66 66 67 63 54 48 43 42 40 37 36 34 33 34 34 33 34 39 48 52 50 49 50 49 40 34 29 27 25 28 30 32 35 39 39 37 34 32 32 33 34 36 39 42 45 45
 78 77 73 70 66 66 65 68 72 73 71 68 67 71 74 74 73 72 70 69 69 69 65 56 48 44 42 41 39 37 36 35 36 36 35 34 35 41 43 43 45 41 36 31 26 25 25 28 29 30 31 35 40 42 40 36 34 34 36 38 39 41 43 45 47
 83 81 78 73 70 69 68 70 72 73 72 68 68 72 76 76 73 71 70 69 70 71 67 59 52 46 43 42 41 40 38 38 39 38 36 35 35 35 38 37 35 31 27 26 24 21 26 32 34 31 32 36 42 43 40 35 34 36 39 40 41 43 44 46 47
 85 85 82 79 74 72 71 71 73 74 72 70 71 76 77 76 72 68 67 67 69 70 66 62 56 49 44 43 44 43 42 42 42 41 38 38 37 36 35 32 30 29 27 27 26 23 26 33 34 33 34 40 46 46 40 35 34 36 39 41 43 46 48 49 51
 86 86 86 83 78 73 72 74 73 73 73 72 75 77 78 76 71 67 64 64 66 67 65 64 59 52 47 46 46 45 43 41 41 38 37 36 36 34 31 29 30 30 30 30 30 28 28 31 33 34 36 42 46 45 41 36 34 38 41 46 49 51 52 52 52
 85 84 84 82 76 71 71 72 73 73 73 73 74 76 77 75 74 70 65 63 64 64 64 63 59 53 50 50 48 45 43 41 39 38 38 38 36 35 33 33 33 34 33 33 33 32 32 34 39 41 41 43 45 46 45 42 41 43 47 54 56 57 53 51 54
 84 83 80 77 73 72 73 76 76 75 75 74 76 78 77 76 75 71 66 63 63 64 63 61 57 56 55 54 49 46 45 44 43 43 43 44 42 39 38 38 37 36 36 37 37 37 38 43 48 48 47 45 46 53 54 51 50 49 52 58 64 63 59 57 59
 87 85 81 76 73 74 77 79 79 78 78 80 82 83 81 78 73 71 64 62 64 66 65 61 58 58 58 55 52 49 49 48 46 46 46 48 46 44 42 42 41 39 39 39 41 44 47 50 52 51 48 47 51 56 60 56 54 52 53 60 68 70 69 66 64
 89 87 82 78 77 78 81 81 79 78 81 84 87 86 84 78 75 69 66 65 67 71 70 64 59 59 58 55 52 50 50 49 49 49 49 49 49 47 46 47 46 45 44 45 46 50 52 53 52 49 49 52 56 59 58 55 53 52 55 62 69 74 75 73 69
 91 88 84 82 81 81 81 80 78 78 82 86 87 86 83 80 76 72 69 68 70 72 73 70 64 60 57 54 51 51 52 53 54 54 52 52 52 53 52 53 52 51 51 52 52 53 54 53 51 49 51 57 62 61 55 51 49 51 57 64 70 74 76 75 70
 95 92 88 86 84 82 80 79 78 80 83 87 87 85 83 81 77 74 71 70 70 72 74 75 69 63 58 55 54 54 56 57 56 55 54 55 56 57 55 53 53 55 57 58 57 54 53 51 51 50 53 62 66 63 55 49 47 49 54 61 66 71 74 74 71
 97 96 94 91 88 83 81 80 82 85 87 87 86 82 79 80 80 76 72 71 70 70 73 75 74 68 62 59 58 59 58 56 55 55 55 58 61 60 55 51 51 55 59 61 58 54 52 52 51 53 55 58 63 61 55 49 48 50 54 58 64 69 74 74 72
