data/beirut.asc
ncols        452
nrows        500
xllcorner    35.449305555584
yllcorner    33.790138888885
cellsize     0.000277777778
NODATA_value -32768
[rows 348 to 405 of 500, columns 96 to 191 of 452]
0 0 0 0 0 0 0 0 5 3 3 3 4 4 4 4 3 5 5 5 4 4 3 3 3 2 3 6 8 9 9 8 9 12 15 18 19 19 19 19 20 21 19 19 19 18 16 16 18 19 27 31 23 16 16 16 17 19 21 23 24 25 25 25 26 27 27 26 26 26 25 26 27 26 23 20 19 19 19 19 19 20 20 19 17 15 14 15 16 17 17 17 17 17 15 15
0 0 0 0 0 0 0 0 5 3 3 2 2 2 2 2 3 5 8 8 7 5 4 3 2 2 3 5 8 8 8 7 8 11 15 17 17 17 17 18 20 20 20 20 19 15 12 12 17 20 22 26 22 18 17 17 18 20 22 25 27 27 26 26 26 26 25 24 23 23 25 26 27 26 23 21 19 19 19 19 19 19 19 18 17 15 14 14 16 17 17 17 17 16 16 16
0 0 0 0 0 0 0 0 0 3 3 3 2 2 2 2 2 5 7 11 8 7 5 3 3 2 3 5 7 9 8 8 8 10 13 15 15 16 16 15 16 19 20 18 16 12 9 12 17 19 23 28 25 20 19 18 19 20 22 25 29 29 27 26 25 25 22 22 21 23 25 26 26 25 24 22 20 20 18 18 18 18 18 17 16 15 14 14 15 15 15 14 15 16 17 18
0 0 0 0 0 0 0 0 0 1 3 3 3 3 3 3 3 4 6 8 6 5 5 4 3 3 4 5 7 9 9 8 9 10 11 12 14 16 16 12 11 13 15 14 14 13 12 13 16 19 24 28 24 21 19 19 19 20 20 23 26 28 27 26 26 25 24 22 23 24 25 25 24 23 23 23 22 20 19 17 16 17 18 17 15 15 14 14 14 14 13 13 13 14 17 17
0 0 0 0 0 0 0 0 0 0 1 2 2 4 4 5 5 6 7 5 3 3 4 5 4 4 4 4 6 7 7 7 8 8 10 11 14 16 14 9 6 8 9 10 13 14 14 14 14 16 20 21 21 19 17 17 17 17 17 19 22 23 24 25 26 28 27 24 23 23 24 24 23 22 23 23 23 21 19 17 16 16 17 16 15 13 13 13 14 13 12 12 11 12 14 15
0 0 0 0 0 0 0 0 0 0 3 3 4 5 6 6 7 6 6 6 6 6 6 6 6 5 4 4 5 5 6 6 7 8 9 10 12 13 13 9 7 7 9 10 13 16 14 13 12 12 14 17 18 17 16 14 15 16 16 17 19 19 20 22 26 29 28 24 22 22 24 24 24 22 22 23 23 21 18 16 15 14 15 15 13 12 11 12 13 13 12 11 11 12 14 15
0 0 0 0 0 0 0 0 0 0 0 5 5 6 7 7 6 5 4 6 7 7 7 6 6 5 3 2 3 5 6 6 7 8 9 10 11 12 13 13 13 12 11 11 13 14 13 10 11 11 14 18 20 19 16 15 16 16 17 17 17 17 19 21 26 28 26 23 22 22 23 25 24 22 22 22 21 19 16 15 13 13 14 13 12 11 11 12 14 14 12 13 14 17 16 15
0 0 0 0 0 0 0 0 0 0 0 5 5 5 6 6 6 4 3 2 5 5 4 5 5 4 3 2 3 5 6 6 7 8 9 10 10 11 14 17 16 16 14 12 12 12 12 12 11 13 15 20 22 19 17 16 17 17 17 17 17 18 19 22 25 26 24 22 21 21 22 24 24 23 21 20 19 18 17 15 14 13 12 11 11 11 12 14 16 16 16 16 21 21 19 16
0 0 0 0 0 0 0 0 0 0 0 3 4 4 4 4 4 3 2 2 3 3 4 4 5 4 3 3 4 5 5 5 6 7 9 10 10 11 14 15 16 17 18 15 12 11 11 12 13 14 17 22 21 18 16 17 18 18 17 17 18 19 21 22 23 24 24 23 21 21 22 22 23 22 21 19 18 18 16 15 14 13 12 10 10 11 13 13 18 21 18 18 20 21 17 15
0 0 0 0 0 0 0 0 0 0 0 0 2 1 2 2 2 2 3 3 4 6 5 5 5 4 3 3 4 4 4 5 6 7 8 9 11 14 15 15 15 19 22 18 12 10 9 11 13 14 19 22 20 18 16 17 19 19 18 17 17 19 20 21 20 22 26 25 23 21 21 21 21 21 20 19 18 16 15 13 12 12 13 12 12 13 14 16 20 20 18 14 18 17 16 15
0 0 0 0 0 0 0 0 0 0 0 0 1 1 2 2 1 3 4 4 5 7 6 5 4 3 1 2 3 3 3 5 6 8 8 10 12 14 15 14 14 17 20 16 12 8 8 8 10 12 9 15 11 12 15 16 18 18 18 17 17 17 18 17 17 19 22 25 22 21 19 20 19 19 18 17 15 14 13 13 13 12 12 14 15 17 16 18 19 18 18 16 17 19 18 17
0 0 0 0 0 0 0 0 0 0 0 0 1 2 2 2 3 4 5 4 4 6 5 4 4 2 2 2 3 3 3 5 7 9 10 10 10 11 13 12 11 12 13 13 12 12 11 10 8 4 1 3 4 9 13 15 15 17 18 17 16 16 16 15 15 16 19 19 20 19 18 18 18 17 15 13 13 13 12 13 11 11 10 12 22 22 22 18 15 16 16 16 15 17 18 16
0 0 0 0 0 0 0 0 0 0 0 0 0 1 1 2 4 6 5 3 3 6 6 5 4 2 2 2 1 1 2 4 6 9 11 12 11 10 10 11 11 10 12 14 15 14 13 11 9 6 3 3 7 11 13 13 13 14 16 17 16 16 16 15 16 17 16 16 16 17 16 16 16 15 13 12 13 13 12 11 11 11 10 12 24 27 22 18 15 16 17 15 14 14 14 14
0 0 0 0 0 0 0 0 0 0 0 0 0 1 1 2 4 6 5 3 4 6 7 5 5 3 2 1 0 0 1 2 4 8 12 14 13 12 11 12 11 10 11 14 14 13 11 10 7 3 1 9 9 10 11 12 12 13 14 14 15 16 16 16 17 17 16 15 15 15 15 15 15 13 11 12 13 14 13 12 13 13 14 17 22 23 20 16 15 16 16 14 13 13 13 14
0 0 0 0 0 0 0 0 0 0 0 0 0 0 3 3 5 7 6 4 4 5 6 7 5 3 1 1 1 1 1 2 4 8 11 13 14 14 14 13 11 9 10 12 12 11 11 10 6 3 9 14 12 10 10 11 11 11 12 13 15 16 16 15 15 15 16 15 14 14 15 15 13 11 11 12 13 13 13 12 13 15 17 19 19 18 17 16 15 14 13 12 11 12 14 15
0 0 0 0 0 0 0 0 0 0 0 0 0 0 4 5 5 5 4 3 5 6 6 6 5 2 0 2 2 2 2 3 5 8 11 13 14 14 14 11 8 7 12 13 12 10 10 9 6 5 8 10 12 11 9 9 11 12 13 14 15 15 15 14 13 14 16 16 15 14 14 14 13 13 13 13 13 12 12 11 12 14 16 17 17 17 17 17 14 12 12 12 12 12 14 16
0 0 0 0 0 0 0 0 0 0 0 0 0 0 4 4 3 3 3 5 6 6 5 6 5 3 2 3 3 3 3 3 5 8 11 14 14 14 13 10 6 8 13 15 12 9 7 7 5 0 2 3 7 9 9 10 12 14 15 15 15 14 14 14 12 12 14 15 15 13 14 13 13 13 13 14 13 13 12 13 16 17 16 14 14 16 17 17 15 14 14 15 14 12 13 15
0 0 0 0 0 0 0 0 0 0 0 0 0 0 0 4 3 3 4 6 7 5 5 5 4 4 4 3 2 3 3 4 6 9 12 14 14 14 13 10 8 8 13 15 13 9 6 6 4 2 -1 2 5 10 11 11 12 13 14 15 15 14 14 13 12 11 11 11 11 11 11 12 12 13 13 12 13 13 14 18 23 22 17 13 14 16 16 16 15 16 16 14 12 12 13 15
0 0 0 0 0 0 0 0 0 0 0 0 0 0 0 4 3 3 5 6 6 5 3 4 5 6 5 3 2 2 2 3 6 9 11 13 13 13 12 11 9 8 12 14 13 10 8 7 8 5 4 5 7 10 12 11 11 12 13 15 15 15 14 13 12 12 11 10 9 10 11 13 14 14 13 12 12 12 14 18 19 17 14 14 15 16 16 14 14 15 14 11 8 9 12 15
0 0 0 0 0 0 0 0 0 0 0 0 0 0 0 3 2 2 3 5 5 4 4 4 6 6 5 4 3 2 1 2 5 8 11 12 12 13 13 12 11 9 10 12 12 9 8 8 8 8 7 7 9 10 11 11 11 11 13 15 16 15 13 12 12 11 10 10 10 11 13 15 15 15 13 11 9 9 12 13 14 11 12 13 15 16 15 14 11 12 12 8 6 5 10 11
0 0 0 0 0 0 0 0 0 0 0 0 0 0 0 3 3 3 4 4 4 5 5 5 5 6 5 5 4 3 2 1 4 8 10 11 12 13 13 13 12 11 9 9 9 8 7 8 6 6 7 6 6 8 10 11 11 12 14 17 17 15 13 11 10 10 10 10 10 12 14 15 15 14 12 10 9 11 15 19 18 15 12 13 15 16 16 13 11 11 12 10 6 4 5 7
0 0 0 0 0 0 0 0 0 0 0 0 0 0 0 0 3 4 4 4 4 5 5 4 4 5 6 6 4 3 3 3 4 7 9 9 10 12 12 12 13 12 11 9 10 9 10 10 9 5 6 5 6 8 10 10 10 11 16 18 18 15 13 11 10 10 11 11 11 12 13 14 14 13 12 11 12 14 19 20 21 15 12 12 12 14 16 15 14 13 13 11 9 7 5 7
0 0 0 0 0 0 0 0 0 0 0 0 0 0 0 0 2 2 3 4 4 5 6 6 6 7 7 7 5 5 5 5 6 8 7 8 9 10 12 13 13 12 11 9 11 13 13 13 11 10 6 6 8 9 9 9 9 12 17 20 20 19 18 16 14 12 12 12 12 12 12 12 12 13 12 12 13 13 15 15 13 11 10 11 11 13 17 17 16 13 12 11 9 8 7 9
0 0 0 0 0 0 0 0 0 0 0 0 0 0 0 0 1 0 0 2 3 5 7 7 7 9 9 8 7 7 7 6 7 7 7 7 8 11 14 15 14 11 8 7 9 11 12 11 12 9 7 6 8 9 9 9 10 13 18 21 22 22 22 21 19 17 15 14 13 12 11 11 11 11 12 13 13 12 12 12 11 10 11 12 12 13 15 17 14 11 10 11 10 10 10 11
0 0 0 0 0 0 0 0 0 0 0 0 0 0 0 0 1 1 0 1 2 5 7 7 7 9 10 9 8 7 5 3 4 5 6 6 8 11 13 14 13 10 6 4 6 9 10 11 11 9 7 7 9 10 10 10 10 13 17 20 21 21 21 21 20 19 17 15 14 13 12 11 11 11 12 14 16 13 12 13 13 13 14 16 15 13 15 14 13 10 10 11 11 11 12 12
0 0 0 0 0 0 0 0 0 0 0 0 0 0 0 0 0 2 3 3 3 4 6 6 6 8 9 9 8 6 3 2 3 4 5 6 7 9 10 11 10 9 5 3 5 8 10 11 10 9 7 7 9 10 10 11 12 13 17 19 19 19 20 20 20 19 17 16 14 13 12 12 12 10 11 14 17 15 14 14 15 15 18 19 16 13 12 13 11 11 10 11 11 12 13 13
0 0 0 0 0 0 0 0 0 0 0 0 0 0 0 0 2 3 4 4 4 4 6 7 6 6 8 8 9 8 5 4 4 3 4 6 8 9 10 10 10 10 6 4 6 9 11 11 9 8 6 6 8 9 10 13 15 16 17 18 19 19 19 19 18 16 15 14 14 13 12 12 12 9 6 10 13 14 14 15 16 14 15 14 13 11 11 12 12 11 11 11 11 12 14 14
0 0 0 0 0 0 0 0 0 0 0 0 0 0 0 0 0 3 3 4 3 4 6 7 6 6 8 12 11 9 7 6 4 2 2 5 8 10 11 10 10 8 6 6 8 11 12 11 9 6 6 7 8 8 10 14 19 18 17 17 17 16 17 17 16 15 14 14 15 15 13 12 12 8 7 8 12 11 11 11 9 6 6 9 10 10 9 10 12 13 13 14 14 14 15 14
0 0 0 0 0 0 0 0 0 0 0 0 0 0 0 0 0 2 2 1 1 2 4 6 6 7 9 9 7 6 6 5 4 3 3 5 8 11 12 10 9 7 7 9 11 11 9 10 10 8 7 9 10 10 10 13 17 18 17 15 14 13 15 16 16 16 15 15 16 17 17 16 16 12 10 12 12 11 9 8 7 5 7 9 10 10 10 10 14 16 17 15 15 14 14 13
0 0 0 0 0 0 0 0 0 0 0 0 0 0 0 0 0 1 1 -2 0 1 3 5 6 7 8 6 3 4 4 4 4 4 5 5 7 10 11 10 8 7 8 9 11 10 9 9 10 10 9 9 11 10 12 15 17 17 17 18 17 16 16 17 17 17 15 15 17 19 20 21 16 11 10 10 10 11 10 10 9 8 9 10 11 11 11 12 16 19 14 14 13 12 11 12
0 0 0 0 0 0 0 0 0 0 0 0 0 0 0 0 0 0 1 1 0 2 3 5 6 8 9 7 6 5 5 4 5 6 6 5 5 8 9 9 8 8 7 6 9 11 11 9 8 6 3 5 8 7 11 15 17 17 18 21 24 22 19 17 17 16 15 15 17 20 21 16 12 9 8 6 8 10 13 12 10 9 9 10 10 10 9 9 12 12 12 13 12 11 10 10
0 0 0 0 0 0 0 0 0 0 0 0 0 0 0 0 0 0 0 1 0 2 3 4 6 8 10 10 8 6 5 5 6 6 6 4 5 8 9 9 8 7 4 6 9 11 10 7 3 0 -2 0 6 9 12 14 16 17 19 22 25 22 19 17 17 17 13 13 17 19 17 13 11 9 8 7 7 11 13 12 10 8 8 9 11 11 8 6 6 8 11 12 12 12 9 10
0 0 0 0 0 0 0 0 0 0 0 0 0 0 0 0 0 0 0 1 1 3 3 4 5 8 10 10 8 7 6 5 6 6 5 4 4 7 9 9 9 7 5 7 8 9 9 5 4 2 0 2 4 7 11 13 14 17 19 19 14 14 15 15 15 14 14 15 18 19 13 11 10 9 9 10 12 13 12 10 9 7 7 10 12 13 12 7 5 8 9 11 12 11 10 11
0 0 0 0 0 0 0 0 0 0 0 0 0 0 0 0 0 0 0 1 1 3 4 4 5 8 10 8 6 6 6 6 6 6 5 5 5 6 7 7 7 8 8 8 7 7 7 6 4 3 2 2 4 6 9 12 14 17 20 10 3 4 8 10 10 10 14 21 22 16 12 10 10 10 10 13 15 14 12 9 7 6 8 10 12 12 11 9 10 11 12 13 12 11 10 13
0 0 0 0 0 0 0 0 0 0 0 0 0 0 0 0 0 0 0 1 -1 2 4 4 5 7 9 8 6 7 6 5 6 7 6 5 6 7 7 6 7 9 11 11 8 7 5 5 3 1 1 3 5 7 9 11 13 16 -3 -16 -11 -4 0 6 8 12 17 23 21 17 13 11 10 9 10 13 14 13 10 8 7 7 8 9 10 11 11 12 13 15 16 17 15 13 12 13
0 0 0 0 0 0 0 0 0 0 0 0 0 0 0 0 0 0 0 1 1 2 4 5 5 6 9 10 9 8 7 5 5 6 7 8 10 10 9 9 8 9 11 10 8 5 6 5 3 1 1 2 4 6 9 10 8 -11 -27 -31 -23 -15 -2 7 10 13 18 20 17 14 12 9 6 6 10 14 13 11 9 9 10 10 10 8 8 9 11 12 14 16 18 18 16 14 13 14
0 0 0 0 0 0 0 0 0 0 0 0 0 0 0 0 0 0 0 0 1 0 4 5 5 6 9 10 11 11 9 8 5 7 10 12 11 10 8 8 7 6 7 7 3 4 6 7 4 3 3 3 5 7 7 7 -9 -29 -40 -36 -26 -15 -2 5 6 8 12 13 13 13 12 9 5 5 13 13 12 11 10 11 13 14 11 9 7 9 11 12 14 16 16 15 13 13 13 14
0 0 0 0 0 0 0 0 0 0 0 0 0 0 0 0 0 0 0 0 1 -1 2 5 5 6 8 9 10 11 11 10 8 8 12 14 11 6 5 5 5 5 4 4 3 4 5 4 4 5 6 6 6 6 2 -6 -17 -33 -42 -39 -26 -14 -5 -1 0 2 6 11 11 12 12 12 11 13 13 13 12 12 10 10 12 13 12 7 8 10 11 12 14 15 13 11 11 11 13 14
0 0 0 0 0 0 0 0 0 0 0 0 0 0 0 0 0 0 0 0 1 -2 1 3 5 7 7 8 7 9 10 9 8 7 11 14 11 7 5 5 4 4 4 3 3 2 2 3 4 6 7 7 5 1 -3 -6 -8 -21 -34 -32 -27 -16 -9 -7 -4 0 7 12 15 13 13 17 20 18 14 13 13 10 7 7 8 11 9 8 9 11 11 11 11 12 12 11 11 12 14 15
0 0 0 0 0 0 0 0 0 0 0 0 0 0 0 0 0 0 0 0 1 -3 -1 2 4 6 7 7 7 7 9 8 7 7 9 11 11 9 8 7 5 3 3 3 4 4 3 2 3 6 7 6 5 2 0 1 2 -2 -10 -12 -8 -4 -4 -6 -7 -1 6 13 17 18 18 18 20 17 12 12 12 9 6 5 6 10 11 10 12 11 11 10 11 11 11 12 13 14 16 16
0 0 0 0 0 0 0 0 0 0 0 0 0 0 0 0 0 0 0 0 1 -4 -1 1 2 5 6 6 5 6 8 8 8 8 8 10 10 9 8 6 2 0 0 3 5 5 4 3 3 6 6 6 6 5 5 7 8 8 6 5 10 11 7 -1 -3 0 5 10 16 21 19 19 14 10 8 8 10 10 9 8 8 13 13 12 11 10 9 9 11 12 13 14 14 14 15 15
0 0 0 0 0 0 0 0 0 0 0 0 0 0 0 0 0 0 0 1 1 -1 0 2 3 4 5 6 6 7 10 9 8 8 9 9 9 7 6 3 0 -2 -2 3 5 4 2 3 6 8 8 6 5 5 7 8 8 9 8 12 16 17 7 2 3 5 7 10 14 16 15 12 7 3 3 5 9 12 11 11 12 16 15 12 9 8 7 8 11 13 14 14 13 13 13 14
0 0 0 0 0 0 0 0 0 0 0 0 0 0 0 0 0 0 0 1 -1 0 1 3 4 5 6 7 8 11 14 13 10 10 11 11 8 6 4 4 2 1 1 2 2 -1 -1 3 8 11 10 6 3 3 6 8 9 9 10 13 16 10 5 5 6 8 10 11 12 12 10 9 8 5 4 6 10 12 12 12 18 21 18 14 10 9 9 10 12 13 13 13 13 12 12 14
0 0 0 0 0 0 0 0 0 0 0 0 0 0 0 0 0 0 1 1 0 1 1 3 5 6 6 7 9 11 14 15 12 12 13 12 8 5 5 5 6 6 3 5 3 -1 -1 2 7 10 8 4 0 2 6 9 9 9 10 13 12 8 8 8 8 9 12 13 12 11 12 13 11 10 8 9 11 13 11 12 18 23 19 14 11 11 13 14 14 14 14 13 13 13 13 15
0 0 0 0 0 0 0 0 0 0 0 0 0 0 0 0 0 0 1 -1 1 1 2 2 6 7 7 7 7 8 11 11 11 10 10 9 7 7 8 9 10 7 4 5 12 5 0 0 2 5 6 2 1 4 7 8 9 9 12 12 11 10 10 9 7 7 7 11 12 11 12 16 16 12 12 13 15 14 13 10 13 18 15 11 9 11 13 13 14 15 14 14 13 13 14 14
0 0 0 0 0 0 0 0 0 0 0 0 0 0 0 0 0 0 1 -3 -1 0 0 3 5 7 7 6 5 4 3 6 8 8 7 6 7 9 11 12 13 11 8 23 20 6 2 0 0 3 6 5 6 7 7 7 9 11 13 12 11 10 9 8 7 5 5 8 10 8 8 10 10 12 13 14 14 15 14 12 11 11 11 8 9 11 12 12 12 13 14 14 14 14 14 13
0 0 0 0 0 0 0 0 0 0 0 0 0 0 0 0 0 0 1 -4 -3 -1 1 3 6 8 7 6 5 4 2 3 9 11 8 6 8 11 11 13 15 14 12 19 10 9 9 4 2 3 5 7 8 9 7 7 9 11 11 10 9 9 9 9 8 7 7 8 8 5 3 5 8 9 10 9 10 12 13 12 11 11 10 8 8 10 11 11 12 13 14 15 15 14 12 12
0 0 0 0 0 0 0 0 0 0 0 0 0 0 0 0 0 0 1 -6 -5 -2 2 5 7 8 7 6 6 6 5 7 12 13 8 9 13 13 8 5 10 12 14 12 13 10 7 4 4 3 4 7 8 9 9 9 9 8 8 8 9 10 10 9 9 8 9 10 7 5 7 8 9 9 8 6 6 9 11 11 11 12 12 10 10 11 11 12 13 15 17 17 17 14 13 12
0 0 0 0 0 0 0 0 0 0 0 0 0 0 0 0 0 0 1 -6 -7 -3 2 5 8 8 7 6 7 8 9 10 12 11 10 14 15 10 1 -1 1 6 8 11 12 10 5 4 4 3 5 5 6 7 7 8 6 7 8 9 9 9 11 11 9 10 11 10 9 9 10 11 13 12 9 5 6 8 8 9 10 12 13 12 12 11 11 11 13 16 17 18 16 15 14 14
0 0 0 0 0 0 0 0 0 0 0 0 0 0 0 0 0 0 1 1 -6 -3 2 5 7 7 7 6 7 10 11 11 10 10 11 12 10 2 -3 -4 -2 1 3 10 12 10 7 6 5 6 6 4 4 5 5 6 7 8 9 10 10 10 10 10 10 11 10 9 9 11 12 13 15 14 10 8 9 9 7 7 9 12 14 13 12 11 10 10 11 15 17 17 16 15 15 15
0 0 0 0 0 0 0 0 0 0 0 0 0 0 0 0 0 0 0 1 -4 -1 2 5 6 6 6 7 8 9 11 11 9 8 8 6 1 1 -2 -3 -1 1 2 7 13 10 8 7 8 9 8 5 3 2 3 4 6 7 9 11 12 11 9 9 9 10 9 8 9 10 12 14 16 13 11 11 11 10 8 7 9 10 11 11 11 10 9 9 10 14 16 16 15 16 16 16
0 0 0 0 0 0 0 0 0 0 0 0 0 0 0 0 0 0 0 1 0 2 3 3 4 5 6 7 7 8 9 10 7 5 4 -1 0 3 3 3 7 5 3 4 7 8 7 7 8 8 7 4 3 2 2 3 4 5 8 11 11 10 7 6 7 8 9 9 9 9 12 15 16 14 12 13 12 10 8 8 8 9 9 10 10 10 11 10 11 14 16 15 15 16 18 18
0 0 0 0 0 0 0 0 0 0 0 0 0 0 0 0 0 0 0 1 1 2 1 1 3 4 6 8 8 7 8 9 8 4 2 3 5 9 9 7 7 7 1 2 5 7 9 10 7 5 2 4 4 6 5 4 4 6 9 12 11 9 7 5 6 8 9 9 9 10 13 18 17 13 12 12 9 7 7 8 9 9 10 11 11 11 12 12 13 15 16 15 15 16 17 18
0 0 0 0 0 0 0 0 0 0 0 0 0 0 0 0 0 0 0 1 0 1 1 2 3 5 6 8 7 6 7 9 9 6 3 6 8 10 12 13 7 5 3 4 7 10 14 13 9 1 -3 0 6 8 7 6 6 7 10 11 10 7 6 6 7 8 8 10 11 12 15 17 13 9 10 9 7 6 7 9 10 11 12 12 12 13 13 14 14 15 16 16 14 14 16 17
0 0 0 0 0 0 0 0 0 0 0 0 0 0 0 0 0 0 0 1 1 1 3 3 5 5 6 7 7 7 8 10 10 10 9 13 10 9 12 13 8 5 3 3 4 9 13 16 9 -1 -6 -4 4 10 9 7 6 6 8 9 8 7 6 7 9 9 10 12 14 13 13 12 8 8 8 6 5 7 8 9 11 12 13 14 14 14 15 15 14 16 16 15 13 13 15 15
0 0 0 0 0 0 0 0 0 0 0 0 0 0 0 0 0 0 0 3 2 1 2 4 6 7 8 8 9 9 10 10 11 12 12 13 9 5 6 7 6 3 -1 -3 -1 3 10 12 9 0 -5 -5 -1 7 8 7 3 4 8 9 9 8 7 8 8 9 11 13 14 12 9 7 7 7 6 4 6 8 10 11 12 14 14 14 14 15 15 15 14 14 15 14 13 13 14 15
0 0 0 0 0 0 0 0 0 0 0 0 0 0 0 0 0 0 0 2 0 -1 0 2 5 8 9 9 10 9 10 10 10 11 12 10 5 1 0 3 3 -2 -6 -5 -1 4 9 12 10 5 1 -1 1 6 7 4 4 4 8 10 10 9 8 8 8 9 11 13 14 12 10 8 6 5 3 5 7 10 11 12 13 15 15 14 14 14 15 14 14 14 14 14 14 14 14 16
0 0 0 0 0 0 0 0 0 0 0 0 0 0 0 0 0 0 0 1 -2 -2 -1 2 5 8 9 9 8 9 9 10 11 12 11 10 6 1 1 3 3 -1 -4 2 7 11 13 14 12 8 5 3 3 4 7 8 8 7 7 8 9 10 9 8 8 8 10 12 13 13 11 8 6 4 6 8 10 11 12 13 14 15 16 16 16 15 14 14 14 15 15 14 14 14 14 15
