data/beirut.asc
ncols        452
nrows        500
xllcorner    35.449305555584
yllcorner    33.790138888885
cellsize     0.000277777778
NODATA_value -32768
[rows 174 to 231 of 500, columns 288 to 383 of 452]
12 10 10 11 13 14 12 8 6 8 9 10 12 14 14 12 12 15 18 24 32 38 40 41 41 40 41 41 39 36 32 29 27 26 23 22 22 23 22 22 21 22 22 22 21 22 21 18 16 16 18 20 19 18 17 17 17 16 15 17 18 19 20 19 20 22 22 20 21 25 28 27 25 24 24 25 26 29 30 30 28 27 27 27 24 21 22 24 27 29 30 30 30 31 34 37
10 7 9 12 14 16 14 11 9 10 11 14 16 18 17 16 17 20 25 30 35 38 41 43 44 41 39 39 38 36 33 30 26 23 22 23 25 26 25 22 20 21 23 23 21 22 23 21 20 19 19 20 20 19 17 18 17 16 15 17 19 20 20 19 20 21 20 19 19 24 27 28 27 27 26 27 29 31 30 27 27 27 27 26 24 22 24 26 30 33 34 33 33 35 37 39
10 8 10 13 14 15 16 13 11 11 13 15 18 20 20 19 22 26 31 35 37 38 40 42 43 40 38 37 37 36 34 29 23 22 24 26 28 29 27 22 19 21 24 23 21 22 21 22 24 25 25 24 23 21 20 20 18 16 16 18 19 19 19 18 19 20 20 19 19 21 26 28 29 28 28 29 30 32 30 28 28 28 26 24 23 24 26 29 33 36 36 36 37 39 40 40
11 11 13 14 15 16 16 14 12 12 12 13 16 19 19 21 23 27 31 34 37 38 39 40 40 40 40 39 37 36 31 25 21 21 24 26 29 30 27 23 22 25 27 26 23 21 22 23 27 30 30 27 25 24 24 24 21 19 18 20 20 21 21 20 19 20 21 21 20 22 27 29 31 31 30 31 33 34 32 30 29 27 25 24 24 26 30 34 37 40 40 39 40 42 42 43
13 12 12 13 13 15 18 16 14 14 13 14 15 16 17 18 22 25 29 33 35 36 38 40 40 41 43 41 37 34 31 28 26 25 25 26 28 28 25 22 23 26 28 27 25 23 22 23 25 30 31 29 27 26 27 27 26 24 23 22 23 22 21 20 21 22 24 25 25 27 29 31 33 34 33 33 35 36 34 29 27 25 26 26 27 29 32 38 43 46 44 43 44 45 47 47
14 12 11 11 11 14 17 19 19 17 15 14 15 15 16 16 19 24 29 34 35 34 37 39 39 42 46 45 40 36 36 35 34 33 31 31 29 27 22 20 20 21 23 25 26 26 25 22 26 30 34 32 29 27 27 30 30 27 24 24 23 22 20 20 22 25 27 27 27 28 29 30 33 34 34 35 37 38 33 29 25 26 27 29 30 30 35 43 48 49 47 47 48 50 50 50
11 11 10 10 10 11 17 21 21 17 13 13 14 16 15 15 19 25 30 34 34 34 35 37 38 43 48 49 43 40 39 39 38 37 36 34 31 26 23 21 21 22 22 25 30 31 29 29 31 35 36 35 31 28 27 29 31 27 24 24 24 22 20 22 25 27 28 28 26 28 30 31 32 33 34 36 37 35 32 30 30 29 31 34 34 35 39 46 49 49 49 49 50 50 52 52
10 10 10 8 7 8 14 19 17 13 11 12 14 14 15 16 20 25 28 30 32 33 35 36 38 42 45 44 43 41 40 39 38 37 37 36 33 30 27 27 27 27 26 28 33 34 31 29 33 35 37 35 33 30 28 30 31 29 28 28 26 25 24 25 28 30 31 29 29 30 31 31 31 31 33 34 34 33 32 32 33 34 37 39 38 37 42 45 49 50 51 52 52 52 52 53
9 9 10 9 7 7 12 14 14 11 11 12 13 14 15 18 21 24 26 28 30 32 33 36 40 42 42 41 40 41 42 40 39 38 36 35 34 32 31 29 29 28 27 26 31 31 28 28 30 33 35 35 35 33 31 32 32 33 34 33 32 31 30 30 30 32 33 31 29 29 31 30 28 29 32 33 34 34 35 34 34 36 40 40 38 37 39 43 48 50 53 54 54 55 55 56
9 10 12 13 13 13 14 15 14 14 13 13 13 14 17 18 21 23 26 29 31 33 34 37 42 45 46 43 42 42 41 41 41 39 36 33 33 32 32 30 28 25 22 22 23 25 24 26 28 30 33 35 35 34 33 34 35 35 37 37 36 36 35 34 33 34 33 30 28 28 30 30 29 29 32 34 35 34 35 34 31 31 35 37 35 35 37 41 46 49 52 55 56 57 59 60
10 10 10 12 13 15 17 16 16 16 15 14 14 15 18 20 22 25 29 32 34 35 36 39 44 49 50 50 48 46 45 44 43 40 37 33 32 34 34 31 27 23 21 20 22 22 24 25 26 27 30 35 35 34 33 35 37 38 38 38 37 35 35 35 36 35 34 31 30 29 31 32 32 32 33 34 33 32 33 33 31 30 31 33 34 35 37 41 44 47 50 53 56 58 59 61
7 4 7 10 12 13 15 14 17 16 15 16 17 19 23 27 28 29 32 35 36 37 37 41 47 52 56 56 54 52 52 50 47 44 40 36 34 34 33 30 26 23 23 24 26 26 26 25 25 24 25 27 31 33 34 35 37 37 38 38 38 36 35 35 36 36 34 33 32 32 34 36 36 37 38 36 34 33 33 33 32 31 32 33 33 35 37 39 40 43 46 49 54 57 59 60
5 4 7 10 12 14 14 14 13 14 16 18 22 24 29 31 32 31 32 33 35 36 39 43 50 57 59 58 58 57 56 53 50 48 45 40 37 33 31 29 27 26 26 26 27 26 27 27 26 24 24 27 30 32 36 36 36 36 36 38 40 40 38 38 39 37 36 35 35 35 36 38 40 44 45 41 37 36 36 35 35 33 32 32 32 34 37 37 37 39 40 44 48 52 55 57
6 7 9 10 12 15 17 14 13 14 16 20 21 22 25 29 31 30 28 28 29 33 36 40 48 55 57 58 56 54 52 51 50 49 47 43 38 35 32 31 29 29 27 27 26 25 26 27 28 28 29 31 32 35 36 36 35 36 37 40 41 40 38 39 38 37 35 38 38 37 38 39 42 46 49 45 43 40 39 38 36 34 31 31 34 36 36 35 35 36 38 40 42 45 48 52
6 9 11 12 13 18 18 15 15 17 20 20 19 18 21 26 29 29 26 25 29 31 33 36 43 50 54 55 52 49 48 49 50 49 46 40 35 33 33 32 30 28 28 28 28 29 29 30 31 33 34 34 34 35 36 36 38 39 41 42 40 37 35 36 37 35 36 39 41 41 41 41 42 44 45 45 43 43 42 41 37 32 31 32 35 37 36 35 35 36 38 39 40 42 45 46
7 10 11 12 14 17 17 16 18 21 23 24 22 21 21 22 25 26 24 26 31 34 36 39 45 48 54 56 55 51 48 47 46 45 42 38 34 33 34 32 29 29 30 31 31 31 32 32 33 35 36 34 34 35 36 38 40 42 43 42 41 40 38 37 38 37 38 41 42 43 43 43 43 43 44 43 43 44 44 41 36 32 33 35 38 37 39 39 39 39 41 43 44 46 46 45
11 12 11 11 13 14 15 15 19 22 24 26 26 24 20 18 18 20 22 27 33 38 41 45 50 53 55 59 58 54 47 43 41 39 38 35 35 35 33 30 28 30 31 32 32 32 32 32 32 34 35 35 35 35 35 35 38 40 40 40 43 45 44 43 41 40 40 42 44 44 46 47 46 46 46 46 46 45 42 38 36 35 37 40 41 42 44 46 44 45 46 46 48 50 52 51
13 12 12 11 10 12 13 15 18 19 19 19 20 20 17 15 16 18 21 26 33 39 43 48 53 54 56 58 59 54 48 44 43 44 41 39 37 36 33 30 29 30 32 32 34 33 33 32 31 31 32 34 34 33 31 31 33 35 37 40 45 48 48 45 42 39 40 43 44 46 49 50 51 49 50 49 47 43 37 35 34 37 41 43 46 49 50 50 48 50 52 51 51 55 58 59
11 11 12 12 11 13 16 17 17 16 16 15 15 14 13 13 17 22 23 25 31 37 43 50 53 53 54 57 57 56 52 49 49 49 47 42 39 37 36 33 32 32 32 33 36 37 36 34 33 31 30 31 33 31 31 30 31 33 37 41 43 45 45 41 40 39 40 43 45 47 48 51 51 52 51 49 45 40 36 34 36 39 41 46 50 52 52 51 52 53 56 56 57 61 65 69
8 10 12 13 13 15 18 17 16 16 17 16 16 14 11 12 18 25 26 26 28 35 45 51 54 54 55 57 57 56 55 53 52 51 48 44 42 39 35 33 32 33 34 35 39 40 39 37 37 34 33 33 32 31 31 32 33 34 37 39 40 39 38 38 38 39 39 41 46 48 50 51 52 52 50 47 44 39 37 37 38 40 43 48 51 51 49 51 55 57 58 61 62 64 70 75
8 9 11 13 13 15 16 15 14 16 19 20 17 15 13 14 18 21 22 22 26 35 45 52 56 58 61 61 58 55 54 52 52 51 49 48 45 40 35 32 32 35 38 37 37 38 39 41 40 37 35 35 33 32 33 34 34 34 35 36 37 37 37 37 39 40 40 41 46 50 52 54 54 52 49 47 45 42 40 40 40 41 44 50 51 50 50 54 56 58 60 62 64 68 73 77
9 7 9 11 13 13 13 11 12 15 20 18 16 13 14 19 22 21 20 23 29 36 44 53 57 61 64 63 58 55 54 53 53 53 50 48 45 41 37 33 33 35 37 36 36 37 41 43 42 39 37 37 36 37 38 38 37 36 36 37 38 38 37 39 43 44 45 49 50 51 54 57 59 57 51 49 46 44 43 43 43 44 48 51 53 54 57 61 62 62 63 66 67 71 76 79
9 8 10 12 13 13 13 12 12 13 15 14 12 12 14 19 24 26 24 28 34 40 48 55 59 61 62 62 59 56 56 56 56 52 49 46 45 42 38 35 33 34 35 35 36 38 43 45 43 42 42 41 44 45 44 43 41 39 39 42 43 43 39 41 45 48 50 53 53 52 55 61 65 63 59 53 47 44 43 44 44 47 50 53 55 59 62 65 67 67 69 69 70 73 76 80
10 9 12 15 15 15 15 14 13 13 13 14 13 16 17 20 26 26 27 30 36 46 53 59 59 57 57 59 58 57 56 56 55 53 49 48 47 44 38 36 33 32 34 34 36 40 45 47 45 45 45 47 49 50 46 44 41 41 43 46 46 42 38 38 42 47 49 50 51 51 54 63 66 65 62 56 50 44 42 42 44 46 49 52 56 59 62 64 67 70 72 74 74 74 77 81
10 10 11 13 14 14 13 15 16 16 16 16 18 21 22 23 24 24 25 28 32 46 55 59 58 55 53 54 55 54 54 54 54 53 52 51 50 47 42 37 34 32 33 35 36 38 45 48 48 46 47 49 52 50 46 42 40 40 42 44 43 39 37 36 39 46 48 49 50 52 56 61 63 62 60 57 52 46 43 43 44 47 49 53 56 58 60 61 66 70 76 79 80 79 81 84
13 12 9 8 11 10 11 14 17 19 19 21 22 23 25 24 24 24 24 27 37 47 53 56 58 55 51 50 50 50 51 53 54 53 52 50 50 49 45 41 36 33 35 36 36 36 39 45 47 47 48 50 52 51 47 43 40 39 41 43 41 39 39 40 42 45 47 49 52 55 58 59 60 60 61 60 58 54 50 47 47 48 50 53 56 58 59 60 64 69 74 81 82 84 86 89
15 12 9 11 12 12 12 14 18 20 23 24 24 26 27 27 25 24 27 32 43 52 54 56 58 56 52 49 49 49 51 53 53 50 47 44 44 45 45 43 39 36 36 37 35 34 36 42 45 48 49 49 51 51 49 46 42 41 42 42 41 41 43 46 48 47 49 51 54 56 57 59 60 61 62 62 62 62 59 53 51 49 50 53 56 59 60 61 64 68 72 79 83 87 91 94
16 15 14 16 17 14 13 13 16 20 23 24 24 25 27 27 24 23 26 31 41 51 54 56 57 57 54 52 51 52 53 53 51 47 43 40 40 40 41 41 39 36 36 36 35 35 36 41 47 50 51 51 51 52 51 48 44 42 42 41 42 44 47 51 53 54 53 54 57 58 59 60 62 62 63 62 64 66 64 59 54 51 49 52 55 58 60 62 64 68 70 76 82 86 91 95
17 16 17 18 17 14 11 12 15 19 24 24 23 23 24 24 23 21 24 30 41 49 54 56 59 58 56 55 56 55 55 53 49 44 42 42 40 38 38 37 36 36 36 36 38 38 38 42 48 51 52 52 51 51 52 49 45 43 41 40 41 44 49 54 57 58 57 58 60 61 62 63 64 65 67 67 68 69 67 63 58 52 48 47 50 55 59 62 65 67 67 70 78 82 87 91
16 15 15 16 15 13 12 12 15 19 23 22 21 22 23 24 23 23 25 32 44 52 57 59 60 59 59 58 58 58 56 52 48 45 45 47 49 43 38 36 36 37 36 36 38 38 40 45 50 52 52 50 49 50 51 48 45 42 41 40 41 44 50 56 60 61 63 62 62 64 66 66 66 69 72 72 72 73 71 67 62 57 49 46 48 53 58 63 66 67 65 65 71 79 82 85
14 14 15 15 15 14 13 13 14 18 21 21 20 21 22 24 24 25 30 37 47 56 60 61 60 59 60 61 61 61 60 57 54 52 49 52 51 45 39 38 37 37 37 37 37 39 41 48 53 54 51 48 47 48 49 48 45 42 41 41 41 46 53 59 61 65 68 67 65 64 70 71 72 73 76 77 77 76 75 72 69 62 51 50 52 53 57 62 65 65 65 66 70 77 81 85
14 15 16 15 14 13 14 14 15 17 20 22 21 21 22 23 23 26 33 41 49 57 61 61 61 59 62 64 65 64 64 62 58 53 51 50 47 43 40 39 38 39 38 38 38 40 43 47 51 51 48 46 45 46 48 47 44 43 42 42 45 52 57 61 64 67 71 71 67 67 71 75 76 77 79 81 80 79 77 76 74 67 62 59 54 54 56 60 63 64 66 69 73 80 84 89
16 18 17 14 11 9 12 16 18 20 21 23 22 21 21 21 23 29 38 46 52 57 59 61 60 60 63 67 67 66 65 63 57 52 48 46 42 40 39 38 38 39 40 39 40 41 44 45 46 46 44 44 45 46 46 46 45 45 45 45 48 52 55 60 62 67 71 72 70 69 71 75 76 78 80 83 82 80 79 78 77 77 71 67 58 55 57 59 62 66 72 76 80 85 91 93
17 17 16 14 12 10 10 18 23 21 21 22 22 22 22 23 26 34 45 53 58 57 57 58 59 60 63 66 66 66 65 63 57 49 45 43 42 41 39 37 38 41 41 41 39 41 41 42 42 42 43 45 46 47 48 49 49 48 47 47 48 50 53 58 61 65 70 71 70 69 70 72 74 77 81 84 84 83 81 81 80 79 77 71 63 58 58 59 63 68 74 80 86 92 97 99
13 14 15 15 14 13 13 14 17 16 18 21 23 24 24 26 31 39 50 58 59 58 57 57 57 58 62 66 66 65 64 64 59 47 42 42 44 44 41 38 40 42 43 42 40 39 39 39 40 41 44 46 48 49 50 53 52 50 48 47 48 49 53 58 62 64 68 70 70 69 70 70 73 77 82 84 85 85 86 84 83 82 80 73 63 58 58 60 64 69 73 80 89 96 100 104
12 13 15 17 17 16 15 14 13 13 16 20 23 25 28 31 37 45 52 59 60 58 56 56 55 57 62 65 65 63 64 63 57 50 44 45 47 47 45 42 44 45 44 43 41 40 41 39 45 47 45 47 49 50 53 55 55 54 53 50 51 51 52 56 60 62 65 67 68 69 69 69 70 77 81 83 85 86 86 86 86 87 86 79 69 61 59 61 66 70 75 81 89 97 102 107
16 17 18 19 19 18 18 16 14 14 14 16 21 25 30 36 42 49 55 59 60 58 57 55 55 58 62 63 61 61 61 60 57 51 49 49 50 50 48 47 48 47 45 44 43 43 44 49 56 55 52 50 52 54 55 56 56 58 59 60 56 52 51 52 55 57 61 64 68 69 69 68 69 73 81 84 87 88 89 89 90 90 90 86 79 67 60 63 66 71 75 82 89 96 101 107
21 20 20 20 19 18 16 14 13 14 14 15 19 24 29 36 44 51 55 59 61 59 58 56 57 60 62 61 59 57 57 56 54 54 52 52 52 52 52 50 49 47 47 47 47 47 49 54 60 60 57 55 56 56 57 56 57 59 61 64 58 51 50 50 54 58 61 65 68 69 69 70 71 76 81 85 88 90 90 92 92 93 94 97 91 78 69 67 68 69 73 80 87 91 97 101
21 20 19 19 18 16 14 12 13 14 14 15 19 23 27 34 41 48 54 58 60 60 60 59 58 61 62 61 57 56 56 55 55 55 54 54 53 54 53 51 48 46 46 47 49 49 52 57 61 60 58 56 57 57 57 57 59 60 62 62 59 53 50 53 57 59 62 64 66 68 69 70 73 77 80 83 87 89 91 92 94 95 99 102 101 97 85 76 74 68 70 77 82 84 87 90
20 19 19 18 17 16 15 14 15 15 14 16 19 23 26 33 38 42 50 58 61 63 65 62 60 58 59 60 59 58 59 59 58 57 57 57 56 55 53 50 49 48 46 47 49 50 55 61 61 57 55 54 55 56 57 59 63 65 64 63 62 60 59 60 60 59 60 62 64 66 69 71 73 75 77 79 83 88 90 93 93 96 101 104 106 102 100 95 83 68 66 70 73 75 77 81
19 19 18 17 17 16 16 14 15 15 16 16 19 21 25 31 36 40 46 56 60 65 66 65 62 59 56 57 60 63 63 62 59 58 58 60 61 58 56 54 53 52 51 50 50 50 55 59 56 54 53 53 55 56 55 59 62 64 64 64 64 65 64 65 62 60 59 61 64 67 70 72 73 73 74 77 80 86 91 94 95 96 99 104 106 103 102 100 90 70 64 64 65 67 72 77
17 17 16 15 15 15 14 12 13 16 17 17 17 18 22 30 36 41 48 53 57 60 64 65 64 59 53 55 59 63 63 62 59 59 61 64 65 64 59 58 56 56 55 54 52 50 50 51 51 51 53 54 53 52 54 56 58 57 60 63 65 65 65 65 63 61 60 62 65 69 72 73 73 73 74 77 82 87 92 95 97 97 99 103 105 104 103 99 90 73 66 62 61 66 71 77
17 16 14 12 11 11 12 11 12 15 17 16 14 15 21 28 34 39 46 51 54 57 60 62 61 57 54 55 59 62 63 63 62 63 65 66 68 66 63 59 57 57 57 55 53 51 51 51 50 51 52 53 52 52 52 52 53 55 59 65 67 66 65 65 64 63 63 65 68 71 73 74 74 74 76 80 84 88 92 95 97 98 100 103 106 105 101 98 90 79 70 64 65 70 77 85
16 17 15 13 13 14 16 17 15 16 16 15 14 17 23 27 32 38 45 49 52 55 57 56 57 58 58 60 62 64 67 68 67 67 67 67 65 65 62 60 59 59 58 57 55 53 53 52 52 52 52 53 53 53 53 54 54 58 62 65 67 66 66 66 65 67 69 70 73 74 76 77 76 76 77 80 85 89 93 96 98 99 100 104 107 106 103 97 88 79 72 69 71 77 84 93
19 19 17 16 18 19 21 22 21 17 16 15 16 18 21 24 27 34 40 43 46 50 54 53 55 58 60 62 64 67 70 73 71 71 70 67 64 62 63 63 64 63 61 59 57 54 53 53 53 52 52 53 54 55 56 58 60 61 62 62 64 66 67 67 67 69 72 74 77 78 79 79 79 78 80 83 86 90 94 96 98 99 101 105 109 110 105 96 86 75 71 72 76 82 89 99
20 19 17 17 18 18 18 19 19 15 15 17 18 18 20 22 25 28 33 37 39 44 51 54 55 58 60 62 65 68 72 74 75 74 71 68 67 67 68 68 67 64 61 59 57 56 54 53 53 54 54 54 55 57 59 63 65 65 63 63 66 68 69 69 69 70 71 74 77 78 79 82 82 82 81 87 91 95 98 100 101 102 104 107 111 112 106 96 84 75 72 76 83 89 96 106
17 18 18 18 17 15 13 12 13 12 14 16 16 17 19 23 25 27 30 32 35 40 50 55 56 58 60 63 65 67 69 72 74 72 71 70 71 72 70 68 65 62 58 58 58 56 53 53 53 55 57 57 57 59 61 64 67 68 66 67 68 71 73 72 73 72 74 76 80 80 82 84 86 86 85 87 94 99 102 103 102 105 107 108 109 110 104 95 85 74 76 84 94 99 107 115
17 19 20 20 18 14 9 7 11 13 15 15 16 16 20 23 24 25 27 30 31 37 44 52 54 56 58 62 66 68 67 69 70 70 70 71 72 72 69 66 62 59 56 56 56 53 50 51 52 54 57 58 58 59 61 64 67 68 69 70 71 73 74 75 75 77 78 80 82 82 84 85 87 88 87 88 93 101 102 102 103 105 107 108 109 107 103 96 84 78 81 91 99 108 117 127
16 19 20 20 20 15 11 9 11 15 17 18 15 16 18 20 22 24 25 28 32 37 43 47 50 53 57 61 65 67 68 67 69 70 71 72 72 72 70 67 62 57 54 51 51 48 47 49 52 55 58 58 58 60 62 64 65 68 72 74 74 74 75 78 80 80 81 82 83 85 85 85 87 89 89 89 92 97 101 102 104 107 108 110 110 108 104 97 88 83 88 97 106 115 125 133
16 17 18 19 19 17 14 16 17 17 18 16 14 13 16 18 21 23 25 30 37 42 44 44 47 52 57 60 65 68 68 68 67 69 71 72 73 73 72 69 64 58 51 49 48 47 47 49 54 57 58 57 57 58 61 63 65 66 72 74 74 74 77 81 83 83 83 84 86 87 87 87 88 89 91 93 95 99 101 103 105 106 107 109 114 113 110 103 96 89 91 99 107 116 126 136
18 18 19 19 19 20 21 21 20 18 17 16 14 15 17 20 22 24 28 33 39 43 45 46 46 49 55 60 65 67 68 67 66 67 68 71 72 74 73 70 64 58 53 51 50 49 48 49 53 56 57 55 54 55 59 63 66 67 70 73 73 75 79 83 85 87 87 87 88 88 89 90 90 90 93 98 101 103 106 107 107 106 106 108 120 124 119 111 101 91 91 96 104 116 128 138
19 19 19 20 21 21 22 23 21 19 19 19 19 18 19 22 23 24 28 33 38 42 48 48 47 48 54 60 64 65 66 65 63 63 67 70 71 72 71 67 61 56 53 52 51 48 46 47 51 55 56 54 50 51 57 64 69 71 74 75 76 78 82 84 87 88 88 88 88 88 90 91 91 92 96 101 105 108 110 111 112 111 110 116 125 128 123 116 105 96 93 95 104 117 130 139
21 20 21 20 22 22 22 22 21 21 21 21 20 20 21 23 24 24 27 30 34 40 46 49 48 49 54 60 64 65 64 61 59 60 63 66 68 69 67 62 56 53 51 50 48 46 45 48 52 54 54 52 49 49 55 63 71 77 78 79 79 82 84 86 86 87 87 87 89 90 91 92 93 94 97 102 105 108 111 114 117 117 121 124 127 128 125 120 114 104 96 98 107 120 128 136
23 23 24 24 25 25 24 23 21 22 21 19 17 18 22 25 24 26 27 30 35 41 46 47 46 47 50 54 60 62 61 59 59 59 60 60 63 64 62 57 52 50 48 46 44 44 44 49 53 55 54 52 52 52 56 66 74 77 79 80 82 84 86 87 87 86 86 88 90 92 92 93 94 95 96 101 105 108 111 115 116 120 126 130 132 131 128 124 117 105 94 98 109 119 124 131
25 26 27 29 28 28 26 23 20 18 20 18 16 16 20 22 22 24 28 32 36 41 43 42 41 42 43 46 49 53 55 57 58 57 55 53 55 57 57 52 49 48 45 42 43 45 47 49 55 57 55 55 57 60 65 70 74 75 77 81 84 87 89 89 89 89 89 90 92 94 93 93 94 96 97 99 105 110 113 114 117 121 128 135 138 138 131 125 115 102 95 98 109 117 122 127
27 28 29 29 29 28 27 23 18 18 19 20 17 17 17 19 20 23 27 30 32 35 37 36 35 37 38 39 40 42 48 51 52 50 48 47 47 48 49 47 44 43 41 41 44 48 50 51 55 57 56 57 60 64 70 71 72 76 80 82 86 88 90 90 90 92 93 93 94 95 95 96 97 99 99 101 107 115 117 118 120 125 132 136 139 139 134 124 114 107 99 106 115 117 123 129
29 29 28 28 28 27 25 21 19 20 22 22 20 18 18 18 19 21 24 24 25 27 29 28 27 31 32 32 33 34 38 47 48 46 44 42 41 41 40 39 37 37 39 40 45 50 51 51 56 58 58 58 60 64 69 72 74 78 83 85 86 86 88 88 91 94 96 95 95 96 97 99 100 101 103 106 112 117 121 123 126 129 133 133 134 135 132 127 119 112 110 111 118 122 126 133
29 28 27 28 28 26 23 21 21 23 26 25 22 20 20 21 20 20 20 19 20 21 21 20 18 20 25 27 29 31 34 40 43 44 43 40 38 37 35 32 32 34 37 40 45 49 49 51 58 64 64 62 63 66 69 74 76 81 85 87 87 88 88 89 92 96 98 98 99 99 100 100 101 104 107 109 113 118 123 127 129 130 129 130 131 131 130 126 121 116 113 112 115 120 123 134
