data/beirut.asc
ncols        452
nrows        500
xllcorner    35.449305555584
yllcorner    33.790138888885
cellsize     0.000277777778
NODATA_value -32768
[rows 348 to 405 of 500, columns 192 to 287 of 452]
15 17 21 23 22 21 21 21 21 19 16 16 18 19 20 22 26 29 31 31 32 32 34 37 40 40 38 37 38 38 36 36 37 40 43 45 44 44 43 41 39 38 37 37 38 39 39 39 41 39 36 32 30 32 36 36 38 39 40 40 39 41 43 44 45 46 46 48 49 48 46 48 49 48 48 50 53 55 57 58 61 64 66 68 70 72 72 75 79 84 86 87 90 96 99 99
16 18 22 23 23 22 21 20 19 18 16 16 16 18 20 21 22 25 27 28 29 31 33 37 40 41 40 41 42 40 36 35 37 41 42 41 41 43 43 40 37 35 36 36 36 38 38 38 38 35 31 29 28 29 34 36 38 39 40 39 39 40 42 43 43 43 43 44 44 43 43 44 47 47 48 51 54 55 56 57 59 62 65 67 70 71 72 74 78 81 83 83 86 91 96 97
17 18 20 22 21 21 21 20 19 18 17 17 16 18 20 21 22 23 25 26 28 30 32 36 40 42 42 42 43 40 37 36 40 42 41 39 39 40 40 37 34 33 34 33 34 36 35 35 35 32 31 30 31 32 33 36 38 39 38 37 38 39 41 43 44 43 41 42 42 42 42 45 47 49 50 53 54 55 55 56 57 59 63 65 67 69 70 73 76 78 80 82 84 87 90 95
16 17 19 20 20 20 20 20 19 18 18 18 18 19 19 20 20 21 24 25 27 29 32 35 39 40 40 39 39 39 38 40 42 44 41 38 36 37 37 33 30 31 32 32 31 32 34 36 38 37 36 34 34 34 34 35 36 36 36 36 36 37 40 42 43 42 40 41 42 42 44 46 48 49 50 53 54 54 54 55 55 57 59 62 64 66 67 71 75 76 79 82 83 83 84 89
15 16 19 20 20 20 19 19 18 17 17 16 17 19 19 18 17 19 21 23 25 27 30 33 35 37 33 32 34 37 38 40 42 42 39 35 34 33 31 29 28 30 32 30 29 30 34 38 40 44 43 40 36 35 32 32 32 32 33 34 35 36 39 40 41 39 38 39 41 42 43 47 48 48 49 51 53 54 54 54 54 55 56 59 62 63 65 68 72 75 77 80 82 81 83 87
15 17 19 20 20 19 19 18 17 16 14 14 16 19 19 17 17 18 19 20 21 24 28 31 33 32 30 28 31 34 35 36 38 38 36 33 31 29 28 27 27 31 32 31 30 31 35 40 44 46 47 41 36 33 32 31 30 30 32 34 35 36 37 38 37 36 36 37 39 41 43 45 47 48 49 51 53 54 53 52 54 55 57 60 61 62 64 66 71 73 76 78 80 81 83 87
16 17 19 19 18 18 18 17 16 15 15 15 16 18 19 18 18 18 19 19 20 22 24 27 29 29 28 27 28 31 31 32 34 34 33 30 28 26 25 26 29 32 33 33 32 34 39 44 47 47 44 39 35 34 34 33 32 31 31 34 35 34 34 34 34 34 35 37 39 41 42 43 45 48 50 51 52 53 52 53 55 58 60 60 61 61 63 67 72 74 76 79 80 82 84 89
15 17 18 18 17 17 17 17 16 17 17 17 17 18 18 19 18 18 18 18 19 21 22 24 26 26 25 25 26 26 27 29 30 30 29 27 26 24 24 26 29 32 33 33 33 35 39 42 45 44 41 38 37 36 36 36 34 32 32 33 33 32 31 31 32 33 35 38 40 41 41 43 46 49 50 51 51 52 53 54 57 60 61 61 61 62 64 68 73 76 79 80 81 85 88 92
16 17 18 17 16 17 18 19 20 19 17 16 15 16 17 18 18 17 17 18 19 20 21 22 23 23 22 23 23 23 24 27 28 28 27 26 25 26 25 27 29 30 32 32 33 34 34 37 39 40 39 38 37 36 35 34 32 31 32 33 32 31 30 32 34 35 38 39 41 43 44 45 48 51 51 51 52 52 54 56 58 60 61 63 64 65 66 71 76 80 80 81 83 87 90 92
17 18 18 18 17 17 19 21 21 19 17 14 13 14 15 17 18 17 17 18 20 20 20 20 21 21 21 22 23 23 25 26 28 28 27 26 28 29 29 28 29 31 32 33 34 32 32 32 34 36 37 38 37 35 33 31 31 32 33 32 32 32 32 34 36 38 39 40 42 45 49 51 52 52 50 52 53 54 56 58 59 60 61 63 65 67 70 73 78 81 81 80 82 86 89 89
17 17 17 17 17 16 17 19 18 18 16 15 14 14 15 18 19 19 18 20 22 22 22 23 23 23 23 24 25 26 27 27 27 27 29 29 32 34 32 31 31 32 34 34 32 31 30 29 32 36 39 39 38 35 32 31 31 34 34 32 31 32 34 35 36 37 39 41 42 46 51 53 53 52 51 53 55 56 57 60 60 61 62 63 65 67 70 74 76 78 80 81 82 86 89 89
15 15 15 16 16 15 15 15 16 16 16 16 15 16 18 21 23 21 20 21 23 25 26 28 28 28 27 27 28 29 28 28 27 29 30 32 34 35 35 33 33 34 35 34 32 30 28 29 33 37 38 37 36 34 33 31 33 34 33 32 33 36 39 39 39 38 39 41 43 46 50 53 52 51 51 52 53 56 57 58 60 62 63 64 65 67 69 72 73 75 77 79 82 85 88 89
15 14 14 15 15 14 12 11 13 14 14 15 16 18 21 25 26 24 22 22 24 26 28 30 30 31 30 30 30 31 30 29 30 30 31 32 33 35 35 34 35 36 36 34 31 28 25 27 30 33 33 31 32 32 31 32 34 34 32 33 37 38 39 40 41 39 40 43 45 48 52 51 51 50 51 51 51 53 55 58 60 63 64 65 66 66 66 69 71 72 74 77 80 82 84 89
15 14 13 13 12 11 10 10 11 12 13 15 16 19 23 26 28 27 25 23 23 25 27 29 30 31 31 31 34 34 32 31 30 32 32 33 34 34 35 37 38 38 37 35 32 28 26 27 30 32 31 29 30 30 31 33 36 35 36 38 40 40 39 40 40 40 43 45 47 49 49 49 49 50 51 51 52 53 56 59 62 63 64 64 64 64 64 66 68 70 72 74 77 79 82 87
16 15 13 12 11 11 10 11 11 12 14 16 18 21 24 26 27 28 27 24 24 26 28 29 31 31 31 32 35 36 34 31 30 32 32 34 35 38 40 42 41 39 38 38 35 31 29 30 32 33 32 31 30 31 32 35 36 35 36 38 40 40 39 39 40 41 44 46 47 47 46 47 49 51 51 51 52 54 56 58 60 61 61 60 61 62 63 64 67 70 73 75 77 79 82 87
16 15 14 13 13 11 12 14 15 13 14 17 20 23 25 26 28 30 31 29 29 31 31 32 32 32 32 32 35 35 33 31 31 32 33 34 37 42 44 45 43 39 38 38 37 35 33 33 34 35 35 33 32 32 34 35 34 32 33 35 38 40 40 40 41 43 46 47 48 47 46 48 50 51 50 50 51 52 53 55 57 57 57 57 58 60 62 64 67 70 74 76 77 79 82 86
16 15 15 15 14 12 14 17 16 13 15 20 22 24 25 27 30 32 34 35 35 35 35 34 33 33 34 34 34 34 33 32 33 35 36 36 40 43 44 44 41 39 38 40 40 38 37 36 37 37 36 35 34 32 32 32 31 32 33 34 35 38 39 40 42 44 46 50 50 49 48 48 48 49 49 49 50 51 51 51 53 54 55 56 57 58 60 62 65 70 73 74 75 77 80 82
17 19 19 17 14 14 16 17 15 13 17 21 24 24 26 29 31 33 35 36 37 38 38 37 35 35 35 35 34 34 34 34 35 38 40 42 43 43 41 40 40 40 41 42 42 41 40 39 38 38 36 34 32 32 31 31 32 33 33 32 32 36 38 39 40 41 44 47 49 48 48 47 46 47 47 50 51 51 49 49 50 52 54 55 55 57 59 60 63 66 69 71 73 75 78 80
18 20 20 18 16 16 17 16 14 14 17 22 24 25 27 30 32 33 34 35 37 39 40 39 37 37 37 37 36 35 36 36 37 38 40 43 43 40 38 38 39 42 44 44 43 42 40 39 39 38 36 33 32 32 32 32 32 33 31 31 31 34 37 38 38 39 40 43 45 47 47 47 45 44 46 48 51 51 49 48 48 50 52 55 58 59 61 61 62 64 67 69 71 73 75 79
14 17 16 16 16 18 17 16 15 15 19 21 24 26 29 31 33 33 33 33 36 37 38 38 37 37 38 38 38 38 39 39 38 37 38 40 40 38 36 37 41 43 44 43 42 40 40 39 39 39 37 35 35 35 33 31 30 30 31 31 31 33 36 38 39 39 40 41 45 47 47 47 45 44 44 47 49 50 49 48 47 48 53 57 60 61 61 62 63 66 67 69 71 72 75 78
8 11 14 14 15 15 16 16 15 17 19 21 22 25 28 30 32 33 32 32 34 35 35 35 36 37 38 38 38 39 39 39 40 38 38 39 39 39 38 39 41 43 44 43 41 41 40 39 39 39 39 39 40 38 33 30 30 30 31 32 31 32 35 38 39 40 41 42 44 45 45 45 46 45 45 46 48 49 50 50 49 50 55 60 60 60 59 59 62 65 66 69 72 74 77 80
8 10 13 15 13 12 14 14 15 17 19 20 21 23 27 29 30 31 32 33 34 33 33 32 34 36 37 38 38 38 39 40 40 39 38 39 41 41 40 39 40 41 42 42 42 42 41 39 38 39 41 43 43 40 34 31 30 31 32 33 33 33 36 38 40 41 42 43 43 43 42 43 44 46 45 45 45 47 50 51 52 54 59 61 61 59 57 60 62 63 65 68 72 75 80 84
10 12 14 13 10 9 11 15 17 20 21 22 23 25 27 29 30 31 32 33 33 32 31 31 33 35 37 38 39 38 39 39 39 37 37 38 40 42 41 40 39 39 40 40 41 42 40 38 38 40 42 43 44 42 38 32 31 31 33 36 37 37 37 38 40 42 43 44 44 43 42 42 43 43 44 44 44 46 49 52 54 58 62 64 63 61 61 62 62 62 63 67 71 74 79 83
12 13 14 12 8 9 12 17 21 22 23 26 27 28 28 29 31 31 31 32 32 31 30 30 32 34 36 38 38 38 37 37 36 36 35 37 39 41 42 41 39 37 37 39 41 41 39 37 37 39 41 42 44 43 39 33 29 30 33 36 39 38 37 39 42 43 45 45 46 45 45 44 42 43 43 42 43 46 48 51 55 59 64 64 63 62 64 65 64 61 64 68 71 73 76 80
12 13 13 12 12 13 16 18 21 22 25 28 30 29 29 30 32 31 31 30 29 27 26 28 31 34 36 37 38 37 37 36 37 36 36 37 40 42 42 41 38 35 35 38 39 40 38 36 34 34 36 39 41 41 36 31 30 31 31 34 36 36 37 39 41 43 45 47 48 47 45 44 44 43 42 42 43 46 48 50 53 57 60 60 60 61 64 66 65 64 66 71 73 75 77 80
13 13 14 14 15 17 18 19 20 23 25 29 30 29 29 31 31 31 30 28 26 24 24 26 30 34 36 37 37 37 36 36 37 37 38 39 40 42 42 41 39 37 37 36 37 36 35 33 32 31 32 34 37 37 36 33 35 34 33 30 30 32 35 38 42 43 44 47 48 46 43 43 43 43 42 41 43 46 50 50 51 53 56 57 59 61 64 67 66 65 68 72 75 77 78 80
13 13 14 15 16 17 18 19 21 23 25 27 27 28 29 30 30 29 28 28 27 24 24 26 29 33 35 36 35 34 34 36 37 38 38 39 39 39 39 39 39 39 38 37 35 34 33 34 34 33 34 34 36 37 38 39 40 39 35 31 28 29 33 38 42 43 42 43 44 43 42 41 41 42 41 41 42 45 48 49 48 49 52 56 59 62 65 67 67 66 69 73 77 77 77 77
13 14 16 17 18 18 19 19 21 24 25 26 27 27 29 30 29 29 29 29 27 25 23 26 29 33 35 35 33 33 35 37 38 38 38 38 37 36 35 36 37 38 38 38 37 36 37 37 37 36 36 36 36 37 39 42 42 39 38 35 31 31 33 36 39 38 38 39 40 40 40 40 40 40 40 39 39 41 45 46 45 46 49 54 59 63 65 67 67 68 70 75 77 76 74 75
13 15 18 20 21 22 21 20 21 24 25 27 27 28 29 29 29 28 28 28 27 25 24 25 29 33 34 33 33 34 36 38 38 38 37 37 37 36 35 35 36 37 38 39 40 41 40 38 36 36 36 38 38 39 40 42 41 40 39 38 35 34 33 35 36 37 38 38 38 38 40 41 40 40 40 39 38 41 44 44 44 44 47 51 57 62 64 64 64 66 70 74 76 75 74 74
13 16 19 21 24 26 24 22 22 24 26 26 26 26 27 28 28 26 26 26 26 26 26 27 29 31 32 33 34 35 37 37 36 35 36 36 37 37 36 36 37 38 39 41 42 44 42 37 33 34 36 40 42 41 40 41 42 41 41 41 40 36 33 35 37 38 39 39 38 39 42 42 42 42 42 41 41 43 44 44 43 45 46 48 53 60 63 63 62 64 67 69 72 73 71 73
13 16 18 20 23 28 27 25 23 23 25 25 24 24 24 25 25 24 23 24 26 27 29 30 30 31 31 33 34 35 35 35 34 34 35 37 38 39 39 39 39 39 40 41 43 43 40 34 31 33 36 40 42 40 38 38 40 40 41 43 42 38 36 37 38 37 39 40 42 42 44 43 43 43 43 42 42 43 43 43 45 46 47 48 50 57 60 58 59 60 62 63 65 66 65 65
13 16 19 19 21 24 27 25 23 23 23 23 21 20 20 21 21 21 21 23 26 27 29 31 31 31 31 32 33 33 34 33 33 34 36 38 39 39 39 39 40 41 41 41 41 40 36 32 31 32 35 36 38 37 37 38 39 40 41 43 43 41 39 39 39 38 38 41 43 44 44 43 43 42 42 41 41 42 42 44 46 47 47 47 48 50 51 50 52 56 56 56 56 60 59 58
14 18 19 19 18 19 20 21 21 21 21 20 18 16 16 18 20 20 21 23 24 26 28 31 31 30 30 31 32 33 33 32 33 35 37 38 38 38 38 39 41 42 42 41 40 38 35 33 32 32 33 35 36 38 39 39 40 41 42 43 42 40 39 41 41 40 40 41 43 44 44 44 44 44 44 43 43 43 44 46 47 48 47 47 47 47 46 46 49 53 53 52 53 55 55 55
16 18 18 19 18 18 18 19 20 21 20 19 17 16 16 18 20 21 20 20 21 23 26 29 31 31 30 31 32 32 32 32 33 35 36 37 37 38 39 40 40 41 41 40 39 37 36 35 34 32 33 37 40 42 42 39 39 39 40 40 39 38 38 40 42 41 41 43 44 44 45 46 48 48 47 46 45 46 48 49 48 48 49 49 49 47 46 46 47 51 52 52 52 53 53 53
16 17 17 17 17 18 17 17 18 18 17 16 16 17 17 18 20 20 19 19 20 22 25 29 32 32 31 32 32 32 32 31 32 33 35 36 37 37 38 38 39 39 39 38 38 38 38 38 36 34 35 39 43 43 40 37 36 36 36 37 37 37 37 38 39 40 42 44 46 46 46 48 49 49 49 48 48 49 51 51 50 49 50 53 53 52 49 48 48 50 52 52 52 52 52 52
16 16 16 15 16 17 17 16 15 14 13 12 14 17 18 18 18 18 18 19 20 21 24 29 31 31 32 32 32 31 31 31 31 32 35 36 36 35 35 36 37 38 38 38 38 39 39 39 37 36 37 41 43 41 37 35 35 36 37 38 39 39 38 38 37 39 41 44 46 46 48 49 49 48 49 50 50 51 51 52 51 51 51 53 55 54 53 53 53 52 52 53 53 53 53 53
14 15 15 15 16 16 16 15 14 12 11 13 16 18 18 18 16 15 16 18 19 20 22 28 30 30 31 31 31 30 30 31 31 32 34 36 35 34 34 35 36 36 36 37 37 37 38 38 37 37 38 40 41 39 37 37 38 40 41 42 43 43 42 39 39 40 42 44 45 46 47 47 47 46 48 50 50 50 51 51 52 52 52 52 54 55 55 56 56 54 53 53 54 56 56 55
14 14 15 17 17 15 15 15 15 13 14 16 19 19 18 17 15 14 16 18 19 19 22 25 28 28 28 28 28 29 30 31 30 31 33 33 34 34 35 35 36 36 35 36 35 35 35 35 35 37 38 39 38 38 38 38 39 40 42 44 46 47 45 44 42 43 44 46 47 47 47 46 45 45 46 47 48 48 50 51 52 52 51 53 54 56 56 56 56 55 53 53 53 56 56 55
15 15 16 17 17 16 15 16 15 15 16 19 19 19 18 17 16 16 17 19 18 20 22 26 27 26 25 25 27 30 32 31 30 30 30 32 33 35 36 36 37 37 36 36 34 33 33 33 34 35 36 36 36 37 38 38 39 39 42 44 46 48 49 47 46 45 46 47 48 49 48 46 44 44 44 44 45 46 49 50 51 51 51 53 55 57 56 55 56 56 55 54 54 56 56 55
15 15 15 16 17 17 17 17 16 15 16 18 18 17 19 19 18 18 19 18 19 21 26 29 28 26 25 26 29 32 33 33 32 31 31 32 32 34 36 36 37 38 37 36 36 34 33 33 33 34 34 34 35 36 37 37 36 37 39 43 46 48 50 50 47 46 46 48 49 50 48 46 44 43 43 43 44 45 48 50 52 52 51 52 55 57 56 56 56 57 56 55 55 56 56 56
14 14 15 15 15 16 16 16 15 15 16 17 16 17 20 19 18 18 19 19 20 24 28 29 28 26 26 28 30 32 33 33 32 31 31 31 31 33 34 35 36 37 36 36 36 35 34 33 32 34 34 34 34 35 36 36 36 38 41 43 46 50 52 52 50 48 48 48 49 50 49 48 47 46 44 43 43 45 48 50 52 53 52 52 55 57 58 58 57 57 58 56 55 54 55 55
14 14 14 15 15 14 15 16 15 15 16 16 16 16 17 18 18 18 19 19 20 24 27 27 26 26 26 27 29 31 32 32 32 31 31 31 31 31 32 33 34 35 34 33 35 35 34 32 32 33 35 34 34 35 36 37 38 41 43 45 46 50 52 53 53 51 50 50 51 52 52 50 50 48 45 42 44 46 49 50 52 54 54 53 55 57 58 58 58 57 57 56 54 55 55 54
14 14 14 15 14 14 15 16 16 15 15 16 15 16 17 18 17 17 18 18 20 24 26 25 24 23 24 24 26 29 30 30 30 31 31 32 31 31 30 30 31 32 30 31 33 34 32 30 31 34 35 34 35 36 37 39 40 43 45 45 46 48 50 52 53 53 51 51 52 53 53 53 52 51 48 46 47 49 50 51 52 54 54 54 55 56 55 56 55 54 55 54 55 56 56 55
14 14 14 15 15 15 16 17 16 15 14 14 16 18 19 19 19 19 19 19 20 23 24 23 21 20 21 21 23 25 27 27 28 30 32 32 32 30 29 28 28 28 28 28 30 29 28 25 29 33 34 35 36 37 37 39 40 42 43 44 45 46 48 50 51 53 52 51 51 53 54 54 54 54 52 51 52 53 52 51 51 52 54 54 54 53 54 53 54 55 55 55 57 59 58 56
14 13 13 13 14 15 17 17 16 14 12 13 16 20 21 21 21 21 21 20 21 22 22 20 20 20 21 22 23 24 25 26 27 29 30 30 29 28 27 26 26 26 26 27 26 25 22 24 27 32 34 35 36 36 36 37 39 40 42 44 45 46 47 48 50 52 53 53 54 56 57 57 57 57 57 55 56 56 53 52 51 51 53 54 54 53 54 54 55 56 57 58 59 59 57 58
13 13 12 11 12 14 15 17 16 15 13 13 16 19 21 21 22 23 23 21 21 21 21 19 20 21 22 24 26 26 25 25 25 26 26 25 25 25 25 24 24 25 26 26 25 23 22 24 30 33 35 35 34 33 33 35 36 37 38 42 45 46 46 48 49 51 53 55 58 60 60 60 60 60 59 58 57 56 56 54 53 53 54 55 55 54 54 54 55 57 59 61 61 59 59 61
13 14 13 12 13 13 15 16 18 17 16 16 17 18 20 21 22 23 23 21 21 22 22 21 20 20 22 24 28 28 26 24 24 24 23 22 22 22 23 23 23 24 26 26 25 24 23 26 30 33 33 33 31 30 30 31 31 32 35 39 43 45 45 46 48 50 53 56 58 60 60 60 62 60 60 58 58 59 62 58 57 55 55 55 55 55 54 53 54 57 60 62 61 61 63 66
13 15 14 14 14 14 14 15 16 16 16 17 17 18 20 21 21 22 21 20 21 22 24 22 21 20 21 23 26 27 26 25 25 24 23 22 22 23 24 25 25 26 26 26 25 24 23 26 30 30 30 29 30 29 29 29 29 31 35 39 42 45 46 46 47 49 52 55 57 59 59 59 59 59 59 59 59 61 62 61 59 57 55 55 55 55 54 53 55 58 61 60 60 62 65 66
14 15 14 13 14 14 14 14 14 15 16 17 18 19 20 21 22 21 20 19 19 21 23 24 22 21 21 23 25 26 26 25 26 26 24 23 24 26 26 25 25 25 25 25 25 24 24 25 27 28 28 30 31 31 31 30 31 34 38 39 41 44 46 47 47 49 51 54 57 59 59 58 57 57 57 56 57 60 60 60 59 58 57 56 56 56 57 57 59 60 58 59 60 64 65 65
15 13 13 13 15 16 16 16 16 17 17 18 18 19 19 21 21 20 20 20 20 20 21 23 22 21 21 22 23 24 24 24 26 25 24 23 25 26 25 23 23 24 24 26 26 26 24 24 26 27 29 30 32 32 31 31 33 37 39 38 38 41 44 46 47 48 50 54 57 58 58 57 55 55 54 54 56 57 59 58 60 61 60 59 60 61 62 62 61 61 61 61 64 65 65 65
15 14 14 14 16 17 18 18 18 18 18 17 17 18 18 19 20 20 20 20 20 19 20 21 22 21 21 21 22 23 23 24 25 25 24 23 23 24 23 22 22 23 25 27 28 29 28 26 26 28 29 31 32 32 33 35 37 39 39 37 37 39 41 44 46 47 49 52 55 57 58 57 56 54 54 55 57 59 59 60 62 66 66 65 66 68 69 68 66 65 66 66 66 65 64 64
17 15 15 15 15 17 17 17 18 18 18 19 20 20 19 19 20 21 20 20 18 18 19 20 21 22 21 20 20 22 23 25 26 26 25 23 22 22 23 22 22 24 25 27 30 30 30 29 29 29 30 32 34 34 36 38 39 38 38 36 36 38 40 43 45 46 48 49 51 54 58 59 57 56 55 56 58 59 61 62 67 71 73 71 71 73 73 72 70 69 68 67 66 64 66 67
17 16 15 14 14 14 16 16 17 17 18 19 20 21 20 20 19 19 19 18 17 17 18 19 20 20 18 18 19 22 24 27 28 28 26 24 23 24 25 24 25 26 26 28 29 29 30 30 30 31 32 33 35 35 36 38 39 39 38 38 37 39 40 42 43 45 46 47 49 52 56 58 58 58 58 58 60 62 65 69 72 75 76 74 73 73 73 72 72 72 71 71 70 70 69 70
16 16 15 14 12 12 14 15 16 16 16 17 19 19 19 17 15 15 17 18 18 19 20 19 19 19 16 16 18 21 26 28 29 28 26 24 24 25 26 26 26 27 27 27 28 29 30 31 32 33 33 34 35 35 36 38 39 40 41 42 41 42 42 42 44 45 47 46 46 50 54 57 58 58 59 60 62 66 69 71 72 74 75 76 75 74 74 75 77 77 80 79 79 76 73 72
16 17 16 15 13 12 14 16 17 17 17 17 19 19 16 14 13 15 19 20 20 20 20 19 19 18 16 16 18 22 26 27 27 26 24 24 24 25 26 26 25 25 26 26 27 29 31 32 33 34 34 35 36 38 39 40 40 41 42 43 44 44 44 44 44 47 46 45 45 49 54 56 57 59 61 62 64 67 69 70 72 74 77 79 80 77 77 80 81 81 83 86 84 80 75 73
17 17 18 17 15 15 16 17 18 19 18 19 20 17 15 12 13 17 19 21 20 20 19 18 18 18 19 20 21 23 25 27 26 25 24 24 24 24 25 25 24 24 24 26 28 29 30 33 35 36 36 36 39 41 42 43 43 41 42 44 45 46 46 46 47 47 46 45 46 49 53 56 58 60 62 63 64 66 68 70 74 77 80 81 82 81 82 85 86 85 86 87 85 82 77 73
17 18 18 17 16 15 15 17 19 20 20 21 21 18 14 13 14 16 19 20 20 20 19 17 16 19 21 23 24 25 27 28 28 28 27 26 25 24 24 24 24 24 26 28 29 29 30 33 37 39 39 40 42 43 43 43 43 42 43 45 46 47 49 50 50 48 46 47 49 51 53 56 59 62 63 64 65 67 70 74 79 83 85 86 87 89 91 96 97 96 94 91 89 84 79 75
17 18 17 16 15 14 16 19 23 22 23 23 22 18 15 13 14 15 17 18 20 21 19 16 16 19 21 22 23 24 27 29 29 30 29 28 25 25 24 24 24 26 28 29 29 29 31 35 38 40 41 42 43 44 44 43 42 43 44 45 45 46 49 51 50 48 48 50 52 53 54 58 61 63 64 64 67 71 76 79 83 88 91 93 95 98 102 106 106 105 102 98 93 87 82 79
