data/haret_hreik.asc
ncols        87
nrows        64
xllcorner    35.490416666695
yllcorner    33.858472222219
cellsize     0.000277777778
NODATA_value -32768
 44 45 45 45 48 51 51 47 42 41 42 42 42 41 41 43 45 46 46 47 54 62 66 67 67 69 72 76 76 78 77 73 72 74 78 80 82 82 82 82 78 73 68 64 62 62 62 61 62 63 63 64 65 66 66 64 60 60 61 60 58 56 53 51 50 50 52 52 53 53 52 52 51 50 49 49 49 48 45 44 44 43 41 44 44 44 43
 45 47 47 47 47 48 48 45 43 41 41 40 39 40 41 43 45 48 49 53 58 64 66 68 69 70 72 76 78 78 77 73 70 71 75 79 82 83 83 82 79 73 69 65 63 63 62 61 62 64 64 65 66 66 66 63 61 63 65 64 62 59 55 52 51 50 50 50 50 52 53 53 54 51 49 49 48 48 46 45 46 45 42 45 46 43 43
 46 49 51 49 48 48 49 48 45 42 39 37 37 39 42 44 49 54 57 57 58 64 66 68 70 71 72 74 75 75 73 69 67 70 75 80 82 83 83 81 76 71 67 63 63 64 63 63 65 65 65 66 66 64 62 60 60 62 65 66 65 62 57 53 51 50 49 47 48 50 53 56 57 55 52 50 49 48 47 48 50 47 46 49 48 44 44
 47 50 50 49 47 47 47 46 44 42 40 39 40 42 43 45 51 58 60 58 58 60 64 67 69 70 69 68 67 69 67 66 65 70 77 81 82 82 82 81 75 70 66 64 65 66 65 65 66 64 63 64 65 64 61 59 58 60 63 65 65 64 59 56 54 52 50 49 49 51 54 58 60 56 52 51 49 47 47 48 50 48 47 49 48 46 46
 48 49 48 46 44 44 44 44 44 44 44 44 46 46 47 47 49 55 56 57 56 58 62 66 68 68 66 62 61 61 62 62 65 71 78 82 83 82 83 83 79 73 72 73 73 73 71 68 65 63 62 64 66 67 65 63 61 61 64 64 64 64 61 59 57 56 52 49 49 50 52 57 59 56 51 50 48 46 46 49 48 47 46 46 46 46 47
 46 46 45 43 40 40 40 42 44 45 47 48 49 49 49 49 49 51 56 59 62 63 64 66 68 68 65 61 60 60 61 63 67 72 79 83 85 84 84 84 83 80 79 79 80 78 74 70 66 63 64 66 70 70 70 68 63 62 64 65 64 62 61 59 60 57 52 51 51 51 50 53 56 53 50 48 47 46 48 48 48 47 45 46 46 47 49
 41 43 43 41 39 38 39 41 43 45 46 48 50 51 51 52 52 55 62 67 69 69 67 66 67 67 64 61 60 60 62 66 69 73 78 82 85 85 83 82 82 82 79 79 78 78 74 71 68 65 65 68 70 70 69 67 62 60 61 63 61 59 57 58 58 58 55 54 54 51 49 51 53 52 48 46 45 46 47 47 48 47 47 48 49 50 52
 38 41 41 40 39 40 41 42 43 43 44 46 49 51 53 53 54 57 60 64 69 69 68 66 65 64 63 61 59 58 60 65 70 72 75 80 84 84 80 78 78 77 76 75 75 74 73 72 69 67 65 66 66 65 67 66 62 58 57 56 55 54 55 55 57 57 57 57 54 51 49 50 52 51 49 47 46 45 45 45 47 47 49 50 51 50 50
 39 40 41 41 41 42 43 44 44 43 44 47 50 53 53 53 56 60 61 64 66 67 68 66 64 62 61 60 59 61 64 68 71 74 77 80 82 82 79 75 73 72 71 73 74 74 72 71 69 66 64 63 63 65 66 67 63 59 54 52 51 53 55 56 54 54 56 55 54 51 50 50 50 50 49 49 49 48 45 44 44 46 46 48 48 47 46
 40 41 42 44 44 44 44 45 46 47 49 50 53 54 54 54 59 65 68 68 67 68 68 66 64 62 60 60 61 66 70 72 75 78 80 81 82 83 80 77 74 71 70 72 74 72 71 69 67 67 65 65 65 67 68 68 67 61 56 52 52 53 54 53 50 49 51 55 55 54 52 50 49 49 48 49 50 50 46 43 42 43 44 46 47 45 44
 42 43 45 46 47 45 45 46 51 53 53 53 53 53 54 55 61 68 72 72 71 69 69 68 65 61 60 60 62 65 70 73 75 78 80 80 81 82 80 78 76 73 71 70 70 69 67 66 66 68 70 71 72 72 71 68 66 63 58 55 54 53 52 52 49 48 49 53 56 56 54 51 50 49 48 48 50 49 47 45 44 44 46 48 49 48 47
 44 45 45 47 47 46 45 47 53 55 55 52 52 52 52 54 60 68 73 73 71 69 69 68 64 61 60 61 63 66 70 72 74 75 76 77 79 79 77 76 74 71 68 66 64 63 64 64 64 68 72 74 73 72 69 65 64 63 60 58 55 53 52 52 52 49 49 53 56 56 54 51 50 48 48 50 50 51 49 49 49 49 50 51 52 51 51
 49 48 47 46 49 48 47 48 53 54 52 51 51 51 52 55 61 69 72 71 68 67 66 65 62 61 62 64 68 69 72 73 72 72 72 75 77 77 74 72 70 68 65 62 60 59 62 62 65 69 71 71 69 66 63 62 61 61 60 58 55 53 52 52 51 49 50 54 56 55 51 49 46 47 50 52 54 54 55 55 55 54 54 54 52 51 51
 50 52 49 48 49 51 50 53 56 57 55 53 53 53 53 55 61 68 72 69 66 63 63 63 62 63 65 70 73 74 74 73 72 71 71 72 75 75 72 68 66 65 62 61 60 61 62 64 65 68 69 67 65 63 62 62 62 61 59 57 53 52 51 50 49 47 50 53 54 52 51 46 44 46 49 54 56 58 59 59 58 58 55 52 49 49 49
 47 50 50 48 50 51 50 53 57 60 59 57 56 54 54 55 59 66 69 67 64 62 63 63 64 65 67 72 76 76 75 74 73 71 70 70 73 74 70 66 64 63 62 63 65 66 67 67 66 66 64 63 62 63 65 65 64 63 61 56 52 50 51 51 49 48 49 51 51 51 50 48 47 47 48 50 53 56 57 60 60 58 55 51 51 50 50
 42 48 50 52 53 54 53 51 56 60 60 58 56 57 56 56 59 65 67 67 65 65 68 70 71 70 70 72 74 75 75 75 73 70 67 66 68 70 68 65 63 61 60 63 67 69 69 68 67 65 63 62 62 63 65 66 66 66 62 57 51 50 51 53 51 46 48 50 50 51 50 50 49 49 48 48 50 51 54 55 57 55 53 52 52 52 53
 40 44 51 55 58 59 58 55 56 59 58 57 57 59 58 57 60 67 69 69 68 71 76 80 80 77 73 73 74 74 75 74 71 68 64 63 63 64 64 64 62 60 60 61 65 66 67 67 67 64 63 62 61 63 65 66 69 68 64 57 51 50 51 52 51 47 47 49 51 52 51 49 49 50 50 51 52 53 51 50 50 51 51 51 50 53 54
 42 42 46 52 56 58 60 59 59 58 59 58 59 60 60 59 62 68 71 71 70 73 78 82 82 79 75 75 74 74 74 73 70 67 65 62 61 60 61 62 60 59 60 63 63 63 64 65 65 63 61 61 62 64 66 68 68 68 62 56 51 50 51 50 47 46 46 50 51 52 51 48 47 50 52 54 55 55 51 46 45 47 50 51 50 51 53
 47 44 43 47 52 55 58 59 59 58 58 59 60 60 59 60 64 69 72 73 74 75 78 80 80 78 76 74 74 74 74 72 70 68 65 63 61 60 60 60 59 58 60 61 62 61 63 65 65 63 62 63 65 66 67 68 69 66 61 55 51 51 50 48 45 44 46 48 47 49 48 46 44 46 48 50 51 52 50 45 44 45 50 52 52 50 51
 51 48 46 47 52 55 56 58 58 58 58 59 59 58 57 60 66 71 73 76 76 77 77 77 77 76 76 76 76 74 74 73 71 68 64 63 63 61 61 60 59 59 59 59 59 60 62 64 65 64 63 65 67 67 67 68 69 67 61 54 51 50 50 50 47 46 45 44 43 44 46 43 42 43 44 44 48 52 52 49 47 47 48 52 51 51 50
 49 49 49 51 52 54 55 57 59 59 60 59 58 57 57 60 66 73 75 76 77 77 78 78 76 75 76 79 79 77 76 75 71 66 63 62 62 63 62 61 59 58 57 56 58 59 60 61 62 62 62 63 65 66 65 65 65 64 60 54 51 51 51 50 50 48 46 44 43 45 46 46 45 44 44 46 50 53 53 50 50 49 50 49 49 49 51
 48 49 51 53 53 54 56 60 61 61 61 61 59 58 58 60 67 73 74 76 76 78 79 78 76 75 76 78 78 77 75 72 69 65 62 61 61 62 62 60 57 55 54 55 57 58 58 58 60 60 57 57 57 60 62 62 60 58 56 54 52 52 53 50 51 49 48 47 47 47 49 49 49 47 46 49 53 55 54 53 52 52 50 47 47 49 51
 49 51 53 53 53 54 59 62 63 62 61 60 60 59 59 62 66 70 71 69 71 75 76 77 76 74 75 75 74 74 72 69 66 65 62 61 61 61 61 59 56 53 51 52 52 53 54 56 58 55 52 50 51 55 60 59 56 52 52 52 52 51 49 46 45 47 49 51 50 48 47 49 49 47 46 47 52 52 53 53 51 49 47 46 46 50 51
 52 52 54 53 53 54 57 59 59 59 59 60 60 59 60 62 64 66 67 67 69 70 71 72 72 71 71 69 68 69 69 66 64 63 63 61 60 58 58 57 56 54 50 48 47 48 49 52 53 50 48 48 50 52 55 56 53 52 52 53 53 50 45 41 40 43 48 50 49 46 45 46 46 47 45 46 46 47 49 49 47 46 45 46 48 51 54
 54 55 55 54 54 54 56 58 59 59 59 60 61 60 61 62 62 62 63 64 67 67 68 68 68 67 68 67 66 66 66 64 62 62 61 59 56 55 55 55 55 52 49 47 46 45 46 47 48 49 48 48 48 49 51 52 52 53 54 55 55 51 47 43 42 44 47 49 45 43 42 41 43 45 45 43 44 44 46 49 51 50 49 49 50 53 55
 54 56 57 57 57 56 56 57 58 59 60 62 62 62 62 62 61 61 60 61 62 62 62 63 63 64 66 67 67 66 64 62 60 60 58 55 53 53 54 55 53 51 49 49 46 45 45 46 47 48 47 47 48 48 49 51 51 53 54 55 54 52 49 47 47 48 49 47 44 41 41 42 44 47 47 49 51 51 51 52 55 56 54 53 52 53 53
 51 54 57 58 59 58 56 55 55 57 60 62 62 61 61 62 61 59 59 58 58 58 58 59 59 61 64 66 65 63 61 59 59 57 55 54 53 54 55 56 55 53 52 51 49 46 46 47 47 46 45 46 47 49 50 50 51 52 53 53 50 47 47 49 50 49 52 52 48 45 44 44 45 48 52 57 60 62 60 59 59 58 56 53 51 51 52
 48 52 55 58 59 58 56 54 54 57 59 61 61 60 59 59 60 60 61 60 59 58 57 57 57 58 61 62 62 60 59 57 55 53 51 52 53 54 56 57 57 55 51 50 47 47 47 49 47 45 44 45 48 50 50 50 51 52 52 52 49 47 48 51 51 48 54 53 50 47 46 45 45 46 52 57 62 63 63 63 62 58 56 54 53 52 53
 50 52 57 58 59 58 56 55 55 57 58 59 59 57 55 57 59 61 62 61 60 58 58 57 57 57 58 59 59 58 56 54 52 50 50 52 54 57 58 59 58 54 49 46 47 50 51 51 50 48 49 48 50 51 50 50 52 51 51 50 49 48 48 51 49 46 48 49 48 47 46 45 42 46 51 55 57 59 61 61 60 57 56 56 56 54 53
 51 54 57 58 57 56 56 56 56 58 58 57 56 54 54 56 59 60 61 61 58 57 58 59 58 57 57 57 57 56 54 53 52 52 52 52 54 55 57 58 56 50 45 46 50 55 58 58 58 58 56 54 51 50 49 50 51 52 49 49 50 50 50 47 42 41 43 46 47 47 47 46 46 49 54 54 54 54 55 56 55 55 55 56 55 53 51
 50 52 54 55 55 55 56 57 58 58 57 56 55 55 57 59 60 60 61 60 56 54 57 59 58 57 55 55 54 53 51 52 54 55 54 52 51 51 54 55 53 48 45 48 54 58 61 64 64 64 61 55 52 50 49 50 51 50 48 47 50 50 48 43 40 40 42 45 48 50 51 52 54 56 56 55 52 50 52 52 52 52 51 52 52 51 48
 48 49 51 53 53 54 56 57 58 57 56 56 56 57 60 62 62 63 64 61 54 53 56 58 57 55 54 53 52 51 51 52 54 55 52 49 48 48 50 51 50 47 46 51 55 58 62 64 65 64 59 55 53 52 50 50 49 47 46 47 48 48 46 44 43 44 46 49 52 55 56 59 59 59 57 54 52 50 50 51 51 50 52 50 50 50 48
 48 49 50 52 53 54 55 55 56 56 55 55 56 57 60 63 65 67 68 60 53 49 52 56 56 55 54 53 53 52 51 51 51 49 46 45 45 46 47 48 49 48 47 49 53 58 62 64 63 60 56 54 54 52 51 50 48 45 45 46 45 44 45 47 47 48 50 54 57 58 57 58 58 56 54 53 51 50 50 52 53 54 53 51 49 49 47
 49 49 51 53 54 54 54 54 54 54 53 54 56 57 59 61 63 64 63 56 50 49 51 54 56 56 56 56 55 52 50 48 47 45 43 41 42 44 46 48 49 48 47 47 50 56 61 64 63 58 54 53 52 51 50 49 47 46 46 45 44 44 47 49 51 52 54 56 59 57 55 53 53 52 52 50 49 48 48 50 53 55 56 52 49 48 46
 50 50 52 54 55 56 55 54 54 53 52 54 55 55 56 58 59 59 57 53 51 51 53 54 55 56 56 55 53 51 49 47 45 44 42 40 40 42 45 47 48 47 48 49 50 53 58 63 61 56 51 49 48 48 48 47 46 46 45 44 45 48 50 51 52 53 54 56 58 57 53 50 50 51 50 48 45 45 47 48 50 53 54 51 48 46 46
 50 50 51 53 55 57 56 54 53 52 51 53 54 54 56 58 58 57 54 53 53 54 55 55 55 55 54 52 51 50 49 46 46 44 43 41 42 43 45 45 45 47 49 51 51 51 55 60 57 52 48 46 46 46 46 45 44 45 45 43 45 49 52 53 54 53 53 55 56 55 51 48 48 51 49 44 41 44 47 49 50 52 51 48 46 45 43
 50 51 51 53 54 56 55 54 53 51 51 52 54 54 57 59 59 58 56 55 56 57 56 55 54 53 51 50 49 48 47 46 45 45 45 45 44 44 45 44 45 47 49 49 49 51 54 56 53 49 46 45 45 45 45 44 44 45 46 45 47 51 54 56 56 53 54 55 56 55 51 48 49 51 50 46 43 45 48 50 52 51 48 47 45 43 45
 50 50 51 51 52 53 54 54 53 51 51 53 55 55 57 59 58 58 58 58 58 57 56 54 53 52 51 50 48 46 44 43 44 44 45 45 44 43 42 43 45 46 47 46 47 51 54 53 50 46 45 45 46 46 45 44 43 44 44 46 48 51 53 55 55 53 53 56 58 57 53 50 50 50 50 48 47 46 48 52 53 50 47 46 45 46 48
 47 49 50 50 51 51 52 53 53 53 53 54 54 55 56 56 56 57 59 60 59 57 56 54 52 51 50 49 46 43 41 42 42 44 44 44 44 42 40 40 42 44 44 43 46 51 53 51 47 45 45 45 46 45 44 43 41 41 43 46 48 49 50 51 52 53 55 58 59 57 54 50 49 48 47 48 46 45 47 49 48 46 44 45 47 48 50
 46 47 49 50 50 50 50 52 54 56 56 56 55 54 55 55 54 56 59 59 57 57 57 54 50 47 46 46 43 41 42 43 45 46 47 47 47 45 42 41 41 41 41 41 43 46 48 46 45 45 45 45 45 45 44 42 42 43 46 48 49 49 48 48 49 52 56 57 55 53 50 48 47 46 43 43 43 43 43 43 43 42 41 42 45 48 48
 45 46 47 48 49 49 50 51 54 56 58 58 56 54 55 55 55 56 57 57 57 57 57 53 47 44 43 42 40 40 41 44 46 48 49 49 48 46 45 44 42 42 41 41 42 43 44 44 45 45 46 46 46 45 44 43 44 45 47 48 48 49 48 48 49 51 53 52 51 50 49 47 45 43 41 41 43 43 43 43 43 43 42 43 45 46 45
 44 42 43 45 46 47 48 50 52 53 56 57 55 54 55 55 55 56 57 56 56 57 56 52 47 44 41 40 38 38 40 44 46 48 47 46 46 46 46 46 45 44 43 43 44 45 45 45 45 46 47 47 47 45 43 43 43 44 44 44 44 46 47 48 50 51 50 49 50 50 49 46 44 41 40 41 43 44 45 45 44 44 45 46 46 46 44
 43 41 42 43 44 45 47 49 50 51 52 54 54 54 54 54 52 52 54 56 57 58 57 53 49 45 43 39 37 37 40 44 45 46 46 46 45 47 47 48 48 46 45 43 44 45 45 44 44 45 46 47 47 45 44 44 44 43 42 40 40 43 47 49 50 50 47 46 48 50 50 47 44 42 41 41 43 45 46 46 46 47 48 48 49 47 46
 44 44 44 46 46 46 47 48 51 51 52 53 54 54 53 52 50 51 53 55 57 58 56 53 51 49 45 40 37 37 40 43 45 46 48 48 48 46 47 47 48 49 47 44 43 44 43 42 43 45 46 46 46 44 43 44 45 44 43 42 41 43 46 49 49 47 46 44 45 47 48 47 45 44 42 42 43 44 45 47 50 52 52 52 51 51 49
 47 49 51 51 51 49 49 52 55 56 54 53 53 53 53 52 50 52 54 55 55 54 53 52 51 48 44 40 38 40 42 43 44 46 47 47 46 45 45 47 49 51 48 44 43 43 42 42 43 46 47 47 44 43 42 43 44 44 44 44 45 46 48 50 49 48 45 44 43 44 45 45 44 43 42 42 43 43 44 47 50 53 54 52 51 49 49
 48 52 55 55 54 53 52 55 59 58 56 53 53 52 52 51 50 51 54 55 53 51 50 50 49 45 41 39 40 43 45 45 45 46 46 45 44 44 46 47 50 50 47 44 42 41 42 42 44 46 48 47 45 44 44 44 45 44 44 44 46 48 49 51 48 46 44 43 43 41 42 42 43 43 42 42 42 43 44 44 47 49 51 50 48 46 45
 47 51 54 54 55 54 54 55 58 57 54 52 52 50 50 49 49 51 53 54 52 49 47 48 47 44 40 39 41 44 45 45 47 47 45 43 41 44 46 47 47 47 45 44 41 40 41 43 44 46 46 45 45 45 46 47 47 47 45 46 46 46 48 48 46 42 39 40 41 41 41 41 41 41 42 42 43 43 43 43 45 48 49 49 47 44 45
 44 49 53 54 54 55 53 55 56 56 52 50 49 48 47 47 48 51 52 52 51 49 48 47 47 44 41 39 39 40 41 42 43 44 43 40 40 41 43 43 42 43 44 44 42 41 41 43 43 44 44 43 43 45 47 48 50 49 48 47 48 47 47 47 45 42 38 38 41 42 43 43 42 41 42 43 44 43 43 44 47 48 48 46 45 44 44
 42 47 51 53 53 52 51 51 53 52 50 47 47 47 47 45 47 48 49 51 51 50 49 48 44 43 40 38 36 37 38 38 39 40 40 39 38 39 41 40 41 42 43 44 44 42 42 43 43 43 42 40 41 43 46 48 50 50 49 51 51 51 49 48 49 47 43 41 43 45 46 47 47 46 46 47 47 46 45 46 46 45 42 41 41 42 42
 42 45 48 49 51 50 49 50 51 51 49 48 47 48 46 46 47 47 49 50 51 50 49 47 44 41 38 36 35 36 38 38 38 39 39 38 37 38 40 41 42 42 42 43 44 42 43 43 44 43 41 38 39 43 47 49 51 51 50 51 52 51 49 50 51 50 46 43 45 47 47 49 51 49 49 50 49 48 46 45 43 39 37 38 39 39 40
 43 44 46 48 49 51 51 52 52 50 50 50 49 46 46 47 48 48 49 50 50 51 50 48 44 41 38 36 36 37 39 40 41 41 39 39 38 37 39 41 42 43 43 44 44 43 44 44 44 43 41 39 40 43 47 51 53 52 50 50 51 53 53 53 52 49 45 44 46 49 49 50 50 50 48 47 48 45 44 42 39 37 38 38 39 39 40
 43 44 46 48 49 50 52 52 49 48 48 49 47 45 45 47 48 49 49 49 50 51 51 49 46 42 39 37 37 39 40 42 43 42 41 41 40 38 39 41 44 45 45 44 44 44 45 45 44 42 42 42 42 45 48 52 54 53 50 51 55 58 60 58 54 48 46 46 49 52 51 50 49 50 49 47 45 43 41 41 39 40 40 40 40 42 41
 43 44 45 48 48 49 50 50 47 45 46 46 46 46 46 48 50 50 49 47 47 48 48 48 45 41 38 37 38 39 40 42 42 41 41 41 40 39 41 44 45 45 44 44 43 43 44 43 42 42 43 45 46 47 48 52 54 54 53 56 60 62 60 55 53 50 48 50 51 51 50 48 48 50 52 48 45 42 41 41 43 43 44 43 43 43 42
 42 43 44 46 47 47 49 51 51 49 47 46 47 48 49 48 49 49 47 45 44 44 44 44 43 40 37 36 37 38 40 42 42 41 40 41 40 40 43 45 45 44 44 43 42 42 42 41 41 43 46 47 47 47 48 51 52 54 56 59 61 59 56 54 51 51 49 51 51 49 45 43 43 47 48 46 43 42 42 44 45 46 47 47 44 43 40
 41 41 42 44 45 47 51 55 56 56 51 48 48 50 50 48 47 47 47 44 43 43 43 43 41 39 36 35 36 38 40 42 43 41 41 41 42 42 43 45 44 43 43 43 42 41 40 40 42 44 46 47 47 49 52 54 54 54 55 57 56 54 54 52 51 49 48 49 49 46 43 41 41 42 43 43 44 44 44 43 43 43 46 46 45 42 39
 38 39 39 42 45 47 52 56 58 57 53 48 49 51 51 50 48 46 45 43 42 43 43 42 40 37 35 35 35 37 39 42 42 41 41 42 42 42 43 43 43 42 42 41 42 40 39 39 41 43 44 46 48 51 55 56 56 55 55 54 53 52 53 54 52 49 46 46 48 47 45 43 42 40 40 42 44 45 44 42 40 40 42 46 44 41 38
 34 36 37 40 42 45 49 54 56 55 52 48 50 53 53 51 48 46 44 42 41 41 41 39 38 36 34 34 35 37 39 41 41 40 40 41 41 42 42 43 42 40 40 42 42 41 39 39 41 43 44 46 48 51 54 56 56 56 56 54 50 49 51 52 51 48 46 47 49 49 48 46 44 40 38 39 42 43 44 42 40 40 42 43 43 41 39
 31 34 37 39 41 44 47 51 54 54 52 50 51 53 53 50 49 47 45 42 40 40 39 38 37 35 33 33 35 36 39 40 41 40 40 42 41 41 42 42 41 40 41 42 42 41 40 41 44 46 47 49 50 51 52 53 54 55 55 52 49 46 47 48 48 47 46 48 49 49 48 48 46 42 40 39 41 40 40 39 38 40 41 42 41 40 41
 33 37 40 43 46 47 48 50 51 51 51 51 51 52 51 50 49 47 45 43 40 40 40 38 38 37 34 33 35 36 36 39 41 41 42 41 42 42 42 42 41 40 40 40 40 39 38 41 45 47 48 49 50 50 49 49 50 51 51 49 48 46 44 44 45 45 45 46 47 47 47 46 44 40 37 37 37 35 34 34 35 38 41 42 42 41 42
 36 40 44 48 50 50 50 49 48 48 50 51 52 52 52 51 48 46 44 43 41 40 39 39 39 38 35 34 35 35 36 38 40 40 39 39 41 42 43 41 39 38 37 37 38 38 38 40 44 46 47 47 46 47 46 46 47 48 47 45 45 44 42 42 42 43 42 42 43 46 46 44 40 37 37 38 36 33 31 31 32 36 41 43 43 42 43
 39 43 48 51 52 51 50 49 49 49 50 51 52 52 53 52 48 45 43 43 42 40 39 39 38 37 36 36 38 39 38 39 39 38 38 39 41 42 42 41 39 36 35 35 36 36 36 38 40 44 46 44 43 43 44 44 44 45 43 42 42 42 42 42 42 43 43 42 43 46 47 44 41 40 40 40 38 34 32 31 31 33 38 44 46 45 44
 40 45 49 54 55 53 52 52 51 50 49 49 49 51 53 53 50 46 44 43 42 40 39 38 38 37 36 38 39 39 39 39 39 39 40 42 43 43 43 41 38 36 35 35 35 34 36 38 39 41 43 42 41 42 42 42 42 41 40 41 41 43 44 43 43 44 44 44 46 47 45 43 43 44 43 39 37 33 33 33 34 34 38 43 46 47 45
 44 47 52 55 56 54 53 53 53 51 49 48 49 49 51 51 50 47 45 42 41 40 38 38 37 36 36 36 37 36 37 39 40 41 43 45 45 45 44 42 38 36 36 35 35 36 37 40 40 41 41 42 43 43 43 43 42 42 43 44 44 45 44 42 42 43 43 45 46 46 44 43 44 45 43 39 32 29 31 35 36 38 39 41 43 43 43
 45 49 52 54 53 52 51 52 53 52 51 50 49 49 48 48 48 47 45 43 41 39 39 38 37 35 34 34 34 34 35 38 40 41 42 43 44 45 45 42 38 36 36 36 36 38 40 41 41 42 42 43 45 46 45 45 44 44 46 47 46 44 43 41 41 41 42 44 45 44 43 44 47 48 45 39 33 30 32 37 39 41 43 43 41 40 38
