data/idlib_outskirts.asc
ncols        452
nrows        335
xllcorner    36.571527777806
yllcorner    35.820138888886
cellsize     0.000277777778
NODATA_value -32768
[rows 42 to 83 of 335, columns 188 to 281 of 452]
463 462 460 458 456 455 454 453 452 452 451 451 451 451 451 449 448 447 447 447 447 447 449 449 449 448 446 445 444 443 444 446 449 451 453 454 453 452 452 451 450 450 450 449 446 443 441 439 439 439 440 441 442 444 445 445 444 442 441 441 442 442 441 439 437 435 434 435 434 434 433 432 431 430 430 430 430 429 429 429 428 427 426 426 426 425 424 422 420 420 421 421 421 420
462 461 459 457 456 455 454 453 453 452 452 453 454 454 453 452 451 451 451 452 452 452 452 452 451 450 448 446 446 445 447 448 451 453 454 455 455 454 453 452 452 451 450 448 446 444 443 441 440 440 441 442 443 445 446 446 445 443 442 442 442 442 441 439 437 436 436 435 435 435 434 433 431 430 430 431 430 430 429 429 428 427 426 426 426 425 424 423 422 422 422 421 421 420
461 460 458 457 456 456 455 454 454 453 453 455 457 457 455 454 453 454 455 456 457 457 456 455 453 452 450 449 448 448 448 450 452 453 454 455 456 455 454 453 452 451 451 449 448 447 445 444 442 442 443 445 445 446 446 446 445 444 443 443 442 441 440 439 438 437 436 436 436 436 435 433 432 431 431 431 431 430 430 429 428 426 427 427 426 425 424 423 424 424 424 422 421 421
460 460 459 459 459 458 457 456 455 455 456 457 459 458 457 456 456 457 458 459 460 460 458 457 456 453 452 451 450 449 450 451 452 453 453 454 455 456 455 454 453 453 452 451 450 448 447 445 445 445 446 446 446 446 445 445 445 445 444 444 443 442 441 440 439 438 437 436 436 436 435 434 433 432 431 431 430 431 430 429 427 426 426 426 425 424 423 423 424 424 424 422 421 420
460 460 461 462 462 461 460 459 458 458 459 460 461 461 460 460 460 460 460 460 461 461 460 459 457 456 454 453 452 451 451 452 453 453 454 455 455 456 456 455 454 454 454 453 451 449 447 446 447 448 447 447 446 446 445 446 446 446 445 444 444 443 442 441 440 438 437 437 436 435 435 435 434 433 431 430 430 430 429 428 427 426 426 426 425 424 423 424 424 423 422 422 421 420
462 462 464 466 466 465 464 462 461 461 462 462 463 464 464 464 463 462 461 461 461 462 461 460 458 457 456 455 454 453 453 453 453 453 454 455 455 456 456 455 455 454 454 453 451 449 448 447 447 448 448 446 446 446 447 447 447 446 445 444 444 443 443 442 440 438 437 436 435 434 434 434 434 433 432 430 429 428 427 427 427 427 427 427 425 424 423 423 423 422 422 422 421 420
466 467 468 469 469 469 467 465 464 465 466 466 466 467 467 467 465 463 463 462 462 461 461 460 459 458 458 457 456 455 455 454 453 453 453 454 454 454 455 455 455 454 454 453 452 450 449 448 448 448 448 447 447 447 447 447 447 446 444 444 444 443 443 441 438 437 437 437 435 434 434 433 433 433 431 430 428 428 427 428 428 428 428 427 425 423 422 422 422 422 422 422 421 420
470 470 471 472 472 471 469 468 467 468 469 469 469 469 469 468 467 465 465 464 463 461 461 461 461 461 461 459 458 457 456 455 454 454 454 453 454 454 455 455 455 455 455 454 453 451 451 450 449 449 448 447 446 446 446 446 445 444 444 444 443 442 441 440 438 437 438 437 436 434 433 432 432 431 431 430 429 429 429 429 428 428 428 426 423 422 421 422 422 422 421 421 420 420
474 473 473 474 474 473 472 471 471 472 472 470 469 469 468 468 467 466 466 465 464 463 462 461 461 461 460 459 458 457 456 456 455 455 455 455 455 455 455 455 456 456 455 454 453 452 452 451 451 450 449 447 445 445 446 445 444 443 443 442 441 440 440 439 439 438 438 437 436 435 433 433 432 432 432 431 430 430 430 429 428 427 426 425 424 423 423 422 422 422 421 420 420 420
477 477 477 477 476 475 474 475 475 474 472 470 469 468 468 468 468 467 467 465 465 464 463 461 460 460 459 458 458 457 456 456 456 456 455 455 456 456 455 455 455 456 456 456 454 453 452 452 451 451 450 448 446 445 445 444 444 443 442 442 441 441 441 441 440 439 437 436 435 434 434 434 433 432 432 431 431 431 430 429 427 426 425 424 424 424 424 423 423 422 422 421 420 419
480 480 480 478 477 475 475 476 476 475 473 471 470 470 469 469 469 468 467 466 466 466 464 461 460 460 459 458 458 458 457 455 455 455 454 455 456 456 456 455 455 455 456 456 455 454 453 452 451 450 450 448 447 445 445 445 444 444 443 441 441 441 441 441 441 439 437 435 434 434 434 433 432 432 432 432 431 430 429 429 428 426 425 424 424 425 425 424 424 423 422 421 420 419
482 481 480 479 477 476 476 476 476 475 473 472 471 471 470 470 470 469 468 467 467 466 464 462 461 461 460 458 457 457 456 454 453 453 453 454 455 456 456 454 454 454 455 455 455 454 453 452 451 450 449 448 447 446 445 445 446 445 444 441 439 439 439 439 438 438 436 434 434 434 434 433 432 432 432 432 430 429 429 429 428 426 425 424 424 424 424 425 424 423 422 421 420 419
481 481 480 479 477 476 475 475 475 474 473 472 472 472 472 472 470 468 468 468 467 466 464 462 462 460 459 457 456 456 455 453 453 453 453 454 455 455 455 454 453 453 454 453 453 452 452 451 451 450 449 448 447 446 445 445 445 445 444 441 440 439 438 436 436 436 435 434 434 434 434 433 432 432 431 431 430 429 429 428 426 425 424 424 424 423 423 424 424 423 422 422 422 420
480 480 480 479 478 476 475 475 474 474 473 474 474 474 474 472 470 468 467 467 466 465 464 463 462 461 458 457 456 455 454 453 453 453 453 453 454 454 454 453 452 452 452 452 452 452 451 451 450 450 448 447 446 445 445 445 445 444 444 443 441 440 437 435 435 434 434 434 434 434 434 433 432 431 430 430 430 429 428 427 425 424 424 424 423 423 424 424 424 423 421 422 423 421
480 481 480 478 478 477 475 475 475 474 474 474 474 474 473 472 470 468 468 467 467 465 464 464 463 461 459 457 457 456 454 453 453 452 451 451 452 453 453 452 452 451 451 452 452 452 451 450 449 448 447 446 446 445 445 445 445 444 443 442 441 440 438 435 434 435 435 436 435 434 433 432 431 430 430 430 430 429 428 427 426 426 426 425 424 424 425 425 424 423 423 423 422 422
480 480 478 477 477 477 476 476 476 475 473 473 474 473 472 471 470 469 468 467 466 465 465 464 463 461 460 458 458 457 455 453 452 451 450 450 450 451 451 452 452 451 451 452 452 452 450 449 448 447 446 445 446 445 445 445 444 443 442 441 440 439 438 436 435 436 437 436 436 435 434 432 431 431 430 429 430 429 428 427 427 428 427 426 425 424 424 424 424 424 423 423 422 421
479 478 477 476 476 476 476 476 476 475 473 473 473 473 472 472 471 470 468 466 465 465 465 464 463 462 461 460 459 458 455 453 451 450 449 448 448 448 450 451 451 451 450 451 451 451 450 448 447 446 445 445 445 445 445 445 444 443 441 441 440 440 438 437 436 436 437 437 435 434 433 432 432 431 430 429 429 429 428 427 427 428 428 427 425 424 423 423 423 423 422 421 421 420
477 476 475 475 476 476 476 475 474 473 473 472 472 472 472 471 471 470 469 466 464 464 465 464 463 463 462 461 460 459 456 454 452 450 449 448 447 447 449 449 449 449 449 449 449 449 448 446 446 445 445 445 445 445 445 445 444 443 442 441 440 440 439 438 437 437 437 437 436 435 433 431 431 431 429 428 429 429 428 427 427 427 428 427 426 424 423 423 423 422 421 420 420 420
473 472 472 474 475 475 474 474 473 473 473 472 471 471 471 470 469 469 467 465 464 464 464 463 462 462 462 461 460 459 457 455 453 451 449 447 446 446 447 447 447 446 447 447 447 446 445 444 445 445 446 446 445 445 444 444 443 442 442 442 441 440 439 438 438 438 438 438 437 436 433 431 430 430 429 428 429 429 428 426 426 426 426 427 426 425 424 423 422 421 420 420 421 421
469 468 469 471 473 473 472 473 472 472 472 471 469 469 469 469 468 467 466 465 464 463 462 461 460 461 461 460 460 459 457 455 454 452 450 447 445 445 445 445 444 445 445 445 445 444 443 443 444 445 446 446 444 443 443 442 441 441 441 441 440 439 438 438 438 437 437 437 437 436 434 431 430 430 430 430 430 430 428 426 425 425 426 426 426 426 425 423 422 420 419 420 421 421
466 466 466 468 469 470 471 471 471 471 471 470 469 468 469 469 469 468 467 466 464 463 462 460 460 459 459 459 459 457 455 455 454 453 451 448 446 445 445 444 443 443 444 444 444 443 444 444 444 445 446 445 443 442 441 441 441 441 441 440 439 439 438 438 437 437 436 435 434 433 433 432 432 431 431 431 431 430 428 427 427 426 426 426 426 425 424 423 421 420 419 420 420 420
464 464 464 464 465 467 469 470 469 469 469 470 469 468 468 469 469 468 467 465 464 464 463 461 459 459 458 457 456 455 454 453 453 453 451 449 446 445 444 443 442 443 443 443 442 442 443 443 442 443 443 444 443 442 441 440 440 441 441 440 438 437 437 437 436 436 435 434 432 432 432 433 432 431 431 431 431 429 428 428 428 427 427 426 425 424 423 422 420 420 420 420 421 419
460 461 462 462 463 465 466 467 467 466 467 468 469 468 468 468 468 468 467 465 464 463 462 461 459 458 457 455 454 453 452 451 451 451 450 448 445 444 443 442 442 442 442 441 441 441 441 441 440 441 442 443 443 443 441 440 440 440 440 439 438 437 436 436 435 435 435 434 433 432 432 432 431 431 430 430 429 428 428 428 428 428 427 425 424 423 422 421 420 420 421 421 420 420
458 459 460 460 461 462 463 464 464 465 466 468 468 468 468 467 467 467 467 466 464 463 462 460 459 457 455 454 453 452 451 450 449 449 448 447 445 443 442 441 441 441 441 440 440 440 440 440 440 440 441 442 443 442 441 440 439 439 439 439 438 437 436 436 436 436 435 434 433 432 431 431 431 430 429 429 428 428 428 428 428 428 426 425 423 422 422 421 420 420 421 421 420 420
456 458 457 457 458 460 461 461 462 464 466 467 467 467 468 467 467 466 467 466 465 463 462 460 459 457 456 455 453 452 450 450 450 449 448 447 445 444 443 442 442 442 441 440 439 440 440 440 439 439 440 441 441 440 439 439 439 438 438 439 439 438 437 437 435 434 433 432 431 430 430 430 430 429 428 428 428 428 428 428 428 427 426 425 423 421 420 421 420 420 420 420 420 419
455 455 455 455 456 458 458 459 460 462 464 464 465 466 468 468 466 465 465 465 464 463 462 460 459 458 457 456 454 452 452 451 450 449 448 447 446 445 444 443 442 442 441 440 439 439 439 439 438 439 439 440 439 438 438 438 437 437 438 438 438 437 437 435 434 433 432 431 430 430 431 430 429 428 428 428 427 427 427 427 428 427 426 425 423 421 421 422 421 421 420 420 419 418
453 453 452 453 453 454 455 456 457 459 461 462 463 465 466 466 466 465 465 465 464 463 462 461 459 458 458 456 455 454 454 453 451 449 448 447 447 446 445 444 443 442 441 440 439 439 438 438 438 439 440 439 438 438 437 437 436 437 437 437 437 436 435 434 434 433 432 432 431 431 431 430 429 428 428 428 427 427 427 427 427 426 425 424 423 422 422 423 422 421 421 420 420 419
452 452 451 450 451 451 452 453 455 456 457 459 461 461 462 463 464 465 466 466 465 464 463 461 460 459 458 457 455 454 454 453 452 450 450 450 449 448 447 445 444 442 441 440 439 438 438 438 438 438 439 438 437 437 437 435 435 436 436 437 436 435 433 433 433 433 432 431 430 430 430 430 429 428 428 428 427 426 427 427 426 426 425 424 423 422 422 423 423 422 421 420 420 419
452 452 451 449 449 449 449 450 451 451 453 455 456 457 457 458 461 463 464 465 465 465 464 461 461 460 460 458 456 454 453 453 453 452 451 451 451 451 449 447 446 444 441 439 439 438 438 438 438 438 438 437 436 436 435 435 435 435 435 435 435 434 432 432 432 432 431 431 430 430 430 430 428 428 427 427 426 426 426 426 426 426 425 425 423 421 421 421 422 421 421 420 419 420
453 452 451 450 449 448 448 448 448 448 449 450 452 453 453 454 456 459 460 461 463 464 463 462 461 461 459 458 456 454 453 453 453 452 452 452 452 452 450 448 446 444 441 440 439 439 438 438 438 438 438 436 435 434 434 434 434 435 435 434 434 433 432 432 432 432 432 431 430 430 430 430 429 427 427 426 426 425 425 425 425 425 425 425 423 421 419 419 419 420 420 420 420 420
453 452 451 451 450 449 448 447 447 447 447 448 448 449 449 450 452 453 455 457 458 459 460 461 461 460 459 458 457 455 453 452 452 452 453 452 451 450 449 448 447 445 443 442 441 439 438 437 438 437 437 435 434 434 434 434 435 435 435 434 433 433 432 432 432 432 432 431 431 431 430 429 427 427 426 426 425 424 424 423 423 423 423 424 423 420 419 418 419 420 420 420 420 420
453 452 452 452 451 450 448 447 447 447 447 446 446 446 447 447 448 449 450 452 455 456 457 458 459 458 458 457 456 454 453 451 451 451 451 451 449 448 448 447 446 445 444 443 442 440 438 437 437 436 435 433 432 432 433 434 434 435 435 434 433 433 432 432 432 432 432 431 430 430 429 428 427 426 426 426 425 424 423 422 422 421 421 422 422 421 420 420 420 421 421 420 420 420
452 452 453 453 452 451 449 447 446 447 447 446 445 445 445 445 446 446 446 448 450 452 453 454 455 455 455 455 454 453 451 449 450 450 450 449 449 448 447 447 445 444 444 443 441 439 438 437 437 436 434 433 432 433 434 434 434 434 434 433 433 432 431 431 431 431 431 429 428 427 426 426 425 425 425 425 424 424 423 422 422 422 421 421 421 421 420 420 420 421 420 420 419 418
451 451 452 453 452 450 448 447 446 446 447 447 446 445 444 444 445 445 445 445 446 446 447 449 450 451 452 452 452 451 450 448 449 448 448 448 448 448 447 446 444 443 443 442 440 439 438 438 437 436 435 435 434 434 434 434 433 432 431 431 432 431 430 430 430 430 429 428 426 425 425 425 424 423 423 423 424 424 423 422 422 422 422 421 421 420 419 420 420 419 419 419 418 417
450 450 450 451 451 449 447 446 445 446 446 447 446 444 443 443 443 443 443 443 442 443 444 444 446 447 449 450 450 450 449 449 448 447 446 447 447 446 445 445 444 443 442 441 440 440 439 439 438 437 436 436 435 434 433 433 431 430 430 430 431 431 430 430 430 430 430 429 427 425 425 424 424 423 423 423 424 423 423 422 422 423 422 422 421 419 419 420 419 418 418 418 417 416
450 449 450 450 449 447 445 444 445 445 446 446 445 444 443 442 441 442 442 441 440 440 440 441 442 443 445 446 446 447 448 448 448 446 446 446 446 445 445 444 443 442 442 442 441 441 440 439 438 437 436 436 435 433 432 432 432 431 431 431 431 432 431 430 430 430 430 430 427 426 425 424 423 422 422 422 422 422 422 423 423 423 422 422 420 419 419 420 419 417 417 417 417 416
449 449 449 449 448 445 444 444 444 444 444 444 444 443 443 442 442 441 441 440 439 439 441 441 441 441 442 442 443 444 445 445 445 445 445 444 445 445 445 444 443 442 442 442 442 441 440 439 438 436 436 436 435 433 431 431 432 432 432 432 432 432 431 430 430 430 431 430 428 426 425 424 423 422 422 421 420 421 422 422 422 422 421 421 420 420 420 419 418 418 417 417 416 415
450 449 449 449 447 446 444 444 445 444 444 444 443 442 442 442 441 442 441 440 438 439 440 441 440 440 440 440 440 440 441 441 441 441 441 442 443 444 445 444 444 443 443 442 442 441 440 439 439 437 436 436 435 433 431 431 431 431 431 431 431 430 430 430 430 430 431 430 427 425 425 424 423 422 421 420 420 420 421 421 421 421 421 421 421 420 419 418 418 418 417 417 416 414
451 451 450 449 447 446 446 446 447 446 445 443 442 441 440 440 441 442 441 439 437 437 438 439 439 438 439 439 439 438 438 437 437 436 437 439 441 443 444 444 443 443 442 442 441 439 439 440 440 439 438 437 435 433 433 432 431 430 430 429 427 427 428 429 429 429 429 428 427 425 425 424 423 422 421 420 420 420 420 421 420 420 420 420 420 420 419 418 417 416 416 416 416 414
450 451 450 448 447 447 448 449 449 448 445 443 441 440 439 440 441 441 440 438 437 437 437 437 437 437 437 438 438 437 436 435 434 434 434 436 437 439 441 441 441 440 440 440 439 438 437 439 440 440 438 436 434 433 432 432 431 430 429 427 425 425 427 428 427 427 427 427 427 427 425 424 423 422 421 421 420 420 420 421 420 419 420 420 420 419 419 418 417 417 417 416 415 414
450 451 450 449 447 448 450 450 449 448 446 444 441 440 440 441 442 441 440 439 438 437 437 437 436 436 436 437 437 437 436 435 434 433 433 433 434 435 436 437 437 438 438 438 437 436 436 437 438 438 438 436 434 432 431 430 430 429 428 426 425 426 427 427 426 426 426 425 426 426 425 424 422 421 421 420 419 419 420 421 420 419 418 419 418 418 418 418 418 418 417 416 414 413
451 452 452 450 448 448 449 450 448 447 447 446 444 443 442 443 443 442 440 439 439 438 438 437 436 436 436 436 436 436 436 436 435 434 434 433 433 433 433 434 435 436 436 436 435 434 433 434 435 435 435 435 434 432 430 430 429 428 427 426 426 427 427 427 426 427 426 425 424 423 423 422 421 420 420 419 419 419 419 420 420 418 417 417 417 417 417 417 417 417 416 415 414 413
