data/idlib_outskirts.asc
ncols        452
nrows        335
xllcorner    36.571527777806
yllcorner    35.820138888886
cellsize     0.000277777778
NODATA_value -32768
[rows 126 to 167 of 335, columns 94 to 187 of 452]
541 540 539 538 536 535 535 535 534 534 533 531 530 530 531 532 532 531 530 530 529 527 526 526 526 527 527 526 524 523 524 524 524 523 522 521 519 517 513 509 506 503 500 497 496 495 496 497 497 496 494 494 494 492 491 490 489 490 490 490 491 493 495 496 495 494 491 489 490 492 493 495 498 500 500 498 496 494 493 491 489 488 487 487 487 487 486 484 483 483 483 483 481 481
541 541 540 539 538 537 536 536 535 535 534 533 531 531 530 531 530 530 529 528 527 525 524 524 523 523 523 523 522 521 521 521 521 521 521 521 520 517 513 509 507 504 500 496 494 493 493 495 495 493 492 492 492 491 490 488 488 487 487 488 490 492 493 492 492 489 488 487 488 490 492 494 497 499 499 498 496 495 493 492 490 489 489 489 489 489 488 486 486 486 486 483 481 481
541 541 541 540 540 539 537 536 535 535 535 534 532 531 530 528 527 527 526 525 523 522 521 520 519 519 519 518 517 516 516 516 517 517 517 517 516 514 511 509 507 505 501 497 493 492 492 492 492 491 490 490 490 488 487 486 485 485 485 487 489 490 489 488 485 485 484 484 486 488 490 492 494 495 496 496 496 495 495 493 492 492 492 492 491 491 489 488 488 488 486 483 481 480
540 541 541 541 541 540 538 536 535 534 534 532 531 529 527 526 526 525 524 522 521 521 519 518 516 516 515 514 512 511 511 511 511 511 511 511 511 511 509 507 506 504 501 498 493 491 490 489 489 488 487 487 486 485 484 483 482 482 483 484 486 487 486 483 482 481 481 481 482 484 487 489 490 490 491 492 494 494 494 494 494 495 495 494 493 491 489 488 488 488 486 483 481 481
541 541 541 540 540 539 538 535 534 533 532 531 530 528 527 526 525 525 523 522 521 520 519 517 515 514 513 512 510 508 507 507 507 508 508 507 506 506 506 504 502 501 500 497 494 491 489 487 486 486 485 484 483 482 481 480 480 480 480 481 482 483 482 481 479 478 477 477 478 480 482 484 485 486 487 489 491 492 493 493 494 495 496 496 494 492 490 488 487 486 485 483 482 482
542 541 541 540 539 538 536 535 533 533 532 531 529 528 528 528 527 526 525 523 523 521 520 518 517 515 514 513 511 508 505 505 505 505 504 503 502 501 500 500 499 498 497 495 493 491 488 486 485 485 483 481 480 480 480 479 479 478 478 478 478 479 479 478 477 476 476 476 476 477 478 479 480 482 484 486 487 488 489 491 493 495 495 496 494 493 491 489 487 486 485 484 483 482
542 542 542 541 539 538 536 535 534 533 532 531 531 530 531 531 530 529 528 526 525 524 523 521 518 517 517 516 513 511 508 506 504 502 500 499 498 497 497 497 497 495 493 492 491 489 486 484 484 483 481 479 479 479 479 477 477 476 476 475 475 475 475 475 475 474 474 473 473 474 474 475 477 479 482 483 484 485 487 490 492 492 493 493 494 493 493 490 488 486 486 485 483 482
543 542 542 542 541 538 537 537 536 535 534 534 534 534 534 534 533 532 531 530 529 528 527 524 522 521 521 520 518 516 512 509 505 502 500 498 497 496 495 495 494 492 490 489 488 487 485 484 483 482 480 479 478 478 477 475 474 474 474 474 473 473 473 473 472 472 471 470 470 470 471 473 474 476 479 480 481 482 485 487 487 488 490 491 492 492 491 490 489 488 487 486 484 483
544 543 543 543 542 541 539 539 538 537 537 537 538 538 537 536 536 535 534 533 533 533 531 531 528 527 525 524 521 518 515 512 508 504 502 499 498 497 494 492 491 489 488 487 486 486 484 483 482 481 479 478 477 476 476 474 473 473 474 473 474 473 473 473 472 471 470 470 469 469 468 468 469 472 474 476 477 480 482 482 483 484 486 489 489 489 489 490 489 488 487 486 484 483
545 544 544 544 543 542 541 540 539 539 539 539 540 540 539 539 538 537 536 537 537 536 534 534 533 531 529 526 524 520 518 514 511 507 503 501 500 497 494 492 490 488 486 485 484 483 482 481 480 479 479 477 477 477 479 478 477 477 477 477 476 476 475 474 473 472 472 471 470 468 466 465 465 467 469 470 472 476 479 480 480 482 484 485 485 486 488 489 488 487 485 484 482 482
545 545 544 544 543 542 542 542 540 540 539 538 539 539 539 538 537 536 537 537 538 536 535 535 535 533 530 527 523 521 518 515 511 508 505 503 501 498 495 493 491 488 486 484 483 482 481 480 480 479 479 479 479 481 484 485 483 482 482 481 480 478 478 476 474 473 473 472 471 469 467 466 466 466 467 467 467 470 474 476 478 478 479 480 482 484 486 486 487 485 483 481 481 481
547 547 546 545 544 544 544 543 541 539 538 537 536 535 535 534 534 533 534 535 535 535 535 535 535 534 532 528 525 522 518 515 512 509 507 505 502 498 495 492 490 488 486 485 483 482 481 480 480 480 481 481 483 486 490 491 489 488 487 485 483 481 480 478 477 475 475 474 473 471 470 469 468 468 467 466 464 465 467 470 472 473 474 475 478 480 482 484 484 483 481 480 481 482
550 549 548 547 546 546 546 544 541 539 537 536 534 533 531 531 530 530 530 531 532 532 533 534 535 534 531 529 527 524 519 515 512 510 508 505 501 498 495 492 489 487 486 484 483 482 481 481 481 482 483 485 487 490 493 495 494 492 491 488 486 485 484 483 480 479 478 477 475 474 472 471 470 469 467 465 463 463 464 465 466 468 469 470 473 476 478 480 481 481 480 480 481 482
551 550 549 549 548 547 546 543 541 539 537 535 533 532 529 527 526 527 527 528 527 529 530 532 533 532 530 529 526 523 519 515 511 508 505 502 499 496 493 491 488 486 485 483 482 481 481 482 483 484 486 488 490 494 497 498 498 496 494 491 490 490 491 488 487 484 482 479 478 476 474 473 472 470 468 465 464 463 463 463 463 462 463 464 467 470 473 474 475 477 477 478 480 480
553 552 552 550 549 547 545 542 541 539 537 535 533 530 527 524 523 523 523 524 524 524 525 526 528 528 528 526 523 520 517 514 510 506 503 499 497 494 492 489 487 485 483 482 481 482 484 486 487 488 489 491 494 498 500 502 501 500 496 494 493 494 495 494 492 490 484 480 479 477 477 475 474 472 470 467 466 465 464 464 462 461 460 461 462 465 467 468 469 471 472 473 475 475
555 555 553 552 550 548 546 543 541 539 538 535 533 530 527 524 522 521 520 519 519 518 518 518 519 521 522 521 520 517 514 512 509 505 501 498 495 492 490 487 485 483 482 482 483 486 489 493 493 492 492 494 498 500 503 504 504 502 499 498 498 499 500 499 498 495 489 484 481 480 480 478 475 472 470 469 467 467 467 465 463 462 461 460 461 462 463 463 464 465 466 467 469 471
557 556 555 554 552 550 549 546 543 540 538 537 534 531 527 525 523 521 519 517 515 514 513 513 512 514 515 515 514 512 510 508 506 503 500 496 493 489 487 486 484 483 483 485 488 492 495 497 497 496 496 497 500 503 505 507 506 504 503 503 503 504 504 502 502 500 495 491 488 485 483 481 478 474 471 470 469 469 468 466 464 463 461 460 459 460 460 460 460 461 461 462 464 466
557 558 557 556 555 553 550 547 544 542 540 538 536 532 529 526 524 523 521 517 515 513 512 510 509 510 510 510 509 508 507 506 504 500 497 493 490 487 486 486 485 485 485 488 493 498 500 502 501 501 500 501 503 506 509 510 509 507 506 505 506 506 506 505 504 503 501 498 494 490 487 485 482 478 475 472 471 469 468 466 464 463 461 459 458 459 459 458 458 459 459 460 460 461
556 557 557 557 557 554 551 547 544 542 541 539 538 535 531 528 527 525 523 521 517 514 512 508 507 507 507 506 506 505 504 503 501 497 494 490 488 487 486 487 488 490 492 496 500 504 505 506 507 506 503 503 505 509 511 512 511 510 509 508 507 507 508 507 506 505 503 502 499 495 491 487 484 481 477 475 473 471 469 467 465 464 463 461 460 460 459 458 458 458 458 458 458 458
554 555 555 555 555 553 551 548 545 542 540 539 538 536 533 531 530 530 528 525 522 518 514 511 507 505 504 503 502 500 500 498 496 495 492 490 488 488 488 489 492 494 497 501 504 507 510 511 511 509 506 505 508 511 513 514 514 512 511 511 510 509 509 509 508 506 505 503 501 498 494 490 486 482 478 476 475 473 471 468 466 464 463 463 462 461 460 458 457 457 457 457 456 455
551 552 552 552 552 551 550 549 547 544 542 540 538 537 535 534 534 534 533 529 525 521 518 514 509 505 503 501 499 497 496 494 493 492 491 490 489 489 491 493 496 499 501 504 506 510 514 516 515 513 510 508 510 513 515 516 515 514 513 513 512 512 510 510 509 508 505 504 501 499 495 491 488 484 479 477 475 474 471 468 466 464 463 463 462 461 460 459 458 457 457 456 455 455
548 548 548 548 549 549 549 548 547 544 542 541 540 539 538 537 537 535 534 530 527 522 519 516 512 507 503 501 497 495 493 492 492 491 491 490 489 491 493 497 500 504 508 509 511 515 518 519 518 516 512 512 513 514 516 517 516 515 514 513 513 511 509 508 507 506 504 502 501 498 495 492 491 486 481 478 475 474 471 468 466 464 463 462 462 461 461 460 460 459 458 457 456 455
547 546 545 545 545 546 545 544 544 543 542 541 541 541 540 539 538 537 535 531 526 521 518 516 511 506 503 499 496 494 492 491 490 491 492 493 493 494 498 503 506 510 513 513 515 517 520 521 520 518 517 516 516 516 516 516 515 513 512 512 512 510 507 505 504 502 500 501 500 498 495 494 492 487 483 478 476 474 471 468 465 464 463 463 462 461 461 461 460 459 458 458 457 457
547 546 544 542 542 540 539 538 540 540 540 540 540 541 540 539 539 537 534 530 524 520 518 514 510 506 502 499 497 494 492 491 491 492 495 496 498 502 506 509 511 514 516 518 518 519 521 522 522 521 520 519 519 517 516 514 513 511 510 510 509 508 506 504 501 498 497 498 498 495 494 492 491 487 482 478 476 473 470 467 465 464 463 464 463 463 462 461 461 460 459 459 459 458
546 546 543 541 539 537 535 534 535 535 536 537 539 540 539 538 537 535 532 528 523 519 516 512 508 504 501 498 496 495 493 493 494 496 497 499 501 505 510 514 516 518 519 520 521 522 523 523 523 522 521 519 518 516 513 512 511 510 508 507 506 505 504 501 498 495 494 493 493 491 490 489 487 484 481 478 474 471 469 466 465 464 464 465 465 465 464 463 462 461 461 461 460 459
549 547 544 542 539 537 534 532 532 531 532 533 536 536 535 534 532 531 529 525 521 516 513 510 506 502 499 496 494 494 495 497 499 500 500 501 503 508 513 515 518 520 522 524 524 525 525 525 524 523 521 519 517 514 512 510 509 507 505 503 503 502 501 499 496 493 491 489 488 486 485 484 483 481 480 477 473 471 468 466 465 466 467 467 467 467 466 465 463 462 462 461 461 460
553 550 547 544 541 537 534 532 530 528 527 529 531 531 530 529 529 528 525 522 519 514 511 508 504 501 497 495 494 495 498 501 505 505 504 504 507 511 513 515 517 521 524 526 526 525 525 525 524 523 522 519 516 514 511 508 505 503 500 499 499 497 496 495 493 490 488 486 484 483 483 482 479 478 476 475 473 471 469 468 468 469 470 470 470 470 468 466 464 463 461 461 460 460
555 553 550 548 544 540 536 533 529 525 523 524 525 525 525 525 525 524 522 519 516 512 508 505 501 499 497 496 497 502 506 509 509 509 507 507 508 510 512 514 518 521 525 527 526 525 525 526 525 524 522 519 516 514 511 507 503 501 499 497 494 493 491 491 490 487 483 481 481 481 480 478 475 474 474 473 474 473 472 472 473 474 473 473 473 472 470 467 466 464 462 461 461 460
554 553 551 548 545 542 537 534 527 523 521 520 520 519 519 520 520 520 518 514 512 509 506 502 500 498 498 498 503 508 511 512 512 512 512 511 510 510 512 515 517 521 524 526 525 525 527 528 527 524 522 519 517 514 510 506 503 501 498 495 493 490 489 488 486 483 479 478 477 478 477 475 474 473 473 474 474 476 477 478 478 477 476 474 473 473 471 470 468 467 465 463 461 461
553 551 549 546 543 539 536 532 528 523 521 519 517 515 515 515 517 517 514 510 508 506 504 501 500 499 500 503 508 514 515 517 518 516 515 513 512 512 513 516 518 520 523 524 524 524 525 526 525 523 519 517 515 512 508 505 501 498 496 493 491 489 487 485 483 481 479 477 477 477 476 475 474 474 476 477 478 479 481 482 482 480 477 476 475 475 473 471 469 468 466 464 462 461
549 548 546 544 541 537 534 530 526 524 522 519 516 513 512 513 513 513 510 508 506 504 502 501 501 501 503 506 512 518 522 524 523 521 518 516 516 516 516 518 520 522 523 524 523 521 520 520 521 518 516 513 511 508 505 502 498 496 494 492 490 487 484 483 482 482 481 480 479 478 477 477 477 480 482 482 482 483 484 485 485 483 481 480 478 477 475 472 470 468 466 464 462 461
545 543 541 540 536 533 530 527 524 522 520 518 516 514 512 511 510 509 508 506 503 501 500 501 502 504 506 510 516 523 527 528 526 523 521 519 518 518 519 519 520 522 523 522 521 519 517 516 515 513 510 507 505 504 502 498 496 494 492 490 488 486 485 485 485 485 485 484 483 482 481 481 483 487 488 488 487 488 489 489 488 486 484 483 481 478 476 473 470 468 466 464 462 461
538 537 536 533 531 528 527 524 522 520 518 517 515 513 512 509 508 506 505 503 501 500 500 501 504 508 513 516 521 526 529 531 528 526 524 522 520 520 520 520 520 521 521 521 519 517 514 513 510 507 506 504 502 500 498 496 495 493 491 489 488 487 487 489 490 490 490 489 489 488 487 487 488 490 491 492 492 492 491 491 491 489 487 485 483 479 476 473 470 467 464 463 462 461
534 533 532 529 526 525 523 522 521 518 516 514 514 513 510 508 506 505 503 502 501 501 501 502 505 509 514 520 525 528 531 532 531 529 527 525 522 521 521 522 521 520 519 518 517 515 511 509 505 504 502 501 500 498 496 495 495 493 491 490 489 489 490 492 494 494 494 494 494 492 491 490 490 491 493 494 495 495 494 493 492 490 488 485 483 479 475 473 470 466 464 463 463 464
533 531 529 527 526 523 522 520 519 517 515 512 512 512 511 509 508 506 504 503 502 502 502 503 506 510 516 521 526 529 532 534 534 532 529 526 524 523 522 522 521 518 515 514 514 512 509 506 504 502 501 500 499 497 496 496 496 495 494 493 491 491 493 496 498 499 499 498 496 494 493 492 493 494 496 497 498 497 496 494 492 490 486 485 483 479 476 473 470 466 464 464 465 466
534 531 530 529 528 526 522 520 518 517 515 513 512 512 511 509 508 506 505 504 503 503 503 505 508 511 516 522 526 529 532 535 534 533 529 527 525 523 521 520 518 515 513 512 512 510 509 507 505 504 502 502 500 499 499 498 498 497 497 495 494 494 495 498 501 503 503 502 499 497 495 496 497 498 499 499 499 497 495 492 490 488 485 483 481 478 474 472 469 466 464 465 466 469
537 535 533 533 533 529 526 522 520 518 516 514 513 511 509 507 506 505 505 504 504 505 506 507 508 511 515 520 524 528 533 534 534 532 530 527 524 522 521 519 516 514 511 510 509 509 509 508 507 505 504 504 503 502 502 501 501 501 499 497 496 495 497 500 503 505 504 503 501 499 498 499 502 502 501 499 497 495 492 490 487 486 484 481 478 476 472 470 468 466 465 466 468 471
541 540 538 537 536 533 528 524 521 519 517 514 512 510 508 506 505 505 505 505 507 509 510 510 509 510 513 518 523 529 533 534 533 532 530 526 523 521 519 517 515 513 510 509 508 509 509 510 509 509 508 508 507 506 506 506 506 505 503 500 498 497 499 502 505 506 505 505 504 503 503 503 505 505 502 499 496 494 492 488 486 484 483 480 477 474 472 470 469 467 466 467 469 473
545 544 541 538 535 531 528 524 521 518 516 513 511 509 508 507 506 506 506 507 510 512 513 512 511 511 514 518 524 528 531 534 534 533 531 528 524 521 519 516 515 513 511 510 509 510 511 512 512 513 513 513 513 512 510 509 509 507 505 502 500 499 501 505 507 508 508 507 506 506 506 506 507 507 505 501 499 496 493 489 486 484 482 480 477 474 471 470 468 468 467 469 472 475
547 544 540 536 532 529 526 522 520 517 514 511 510 509 509 508 508 508 509 510 512 515 516 516 515 515 517 521 523 526 531 534 534 533 531 529 526 522 520 519 518 516 514 512 511 511 513 514 515 516 518 518 518 517 515 512 510 508 506 504 503 502 504 507 510 511 511 510 508 507 508 508 509 509 507 504 502 500 497 492 489 486 483 481 478 474 471 468 467 467 468 471 474 477
546 542 538 535 530 526 523 520 518 515 512 510 510 510 509 508 509 510 512 514 517 519 521 520 519 519 519 520 523 526 531 534 535 534 532 530 527 525 523 522 521 519 517 515 513 513 514 516 517 520 522 522 521 519 516 514 511 508 507 506 505 506 507 509 512 513 513 511 510 509 509 509 510 509 507 505 503 502 499 496 493 489 486 483 479 475 472 469 467 467 468 471 474 478
543 539 535 532 528 524 521 518 517 515 512 509 510 510 510 509 510 513 516 520 524 527 527 525 524 523 521 521 523 527 531 535 536 535 533 531 529 526 525 524 524 521 519 517 515 515 516 517 519 521 523 524 522 519 517 515 512 510 508 506 507 507 508 511 513 514 513 511 510 509 509 509 507 506 505 504 503 502 500 498 495 492 488 484 481 477 474 471 469 468 470 472 474 478
