data/idlib_outskirts.asc
ncols        452
nrows        335
xllcorner    36.571527777806
yllcorner    35.820138888886
cellsize     0.000277777778
NODATA_value -32768
[rows 252 to 293 of 335, columns 188 to 281 of 452]
517 515 513 511 509 508 508 508 507 507 508 508 509 509 509 508 507 505 506 506 506 507 506 506 506 506 506 505 503 501 498 497 497 497 497 496 494 493 491 488 487 486 485 483 481 479 476 474 472 470 469 467 465 465 465 465 465 466 466 467 468 469 471 475 477 477 475 473 471 470 469 468 466 463 462 462 461 460 459 457 457 456 455 455 454 454 455 457 460 463 464 465 469 473
517 515 512 510 508 507 506 505 505 504 505 506 507 509 509 508 507 506 505 505 505 505 505 505 506 506 506 505 503 500 499 497 498 498 497 495 494 492 490 488 486 485 483 481 479 477 475 472 471 469 468 467 465 465 466 466 467 467 467 469 470 471 474 476 477 477 476 473 471 469 468 467 465 462 462 462 461 460 458 457 456 456 456 456 456 456 458 460 462 464 466 468 472 479
516 514 512 510 508 506 505 503 503 503 504 505 507 508 508 508 508 507 506 506 505 505 505 505 506 507 506 504 501 499 497 497 497 497 496 494 493 492 490 488 486 484 481 479 477 475 472 470 469 467 467 465 465 466 467 468 468 469 470 473 474 475 476 477 477 476 476 474 472 470 469 467 465 463 461 460 460 460 459 458 457 457 457 457 458 459 461 462 463 465 468 471 475 485
515 515 513 511 508 506 505 504 502 502 503 504 505 507 507 507 508 508 507 507 507 507 507 506 507 506 505 502 500 498 497 495 495 495 493 492 492 491 489 486 483 481 479 477 474 471 470 469 468 466 465 465 465 467 468 469 470 472 474 477 478 479 478 478 477 477 476 474 473 471 469 467 466 463 462 461 460 460 459 457 457 457 458 460 462 463 463 464 464 467 471 475 481 489
516 516 515 512 509 507 505 504 503 502 502 502 503 504 505 505 506 506 506 507 507 508 507 506 505 504 502 500 498 497 495 494 493 491 490 490 490 488 485 482 480 478 477 475 472 470 469 469 467 466 466 466 467 469 470 471 472 475 478 480 481 480 479 479 478 477 476 475 474 472 469 467 465 464 463 461 460 460 459 457 457 459 460 463 465 465 465 465 467 471 477 483 488 493
516 516 514 513 510 508 506 504 502 501 501 500 501 502 502 502 502 503 503 504 504 505 505 505 503 501 499 498 496 494 493 492 490 489 487 487 485 483 480 479 478 476 474 472 471 469 469 468 467 467 467 468 469 471 472 473 475 478 481 483 483 481 480 480 479 477 476 475 474 472 470 468 467 465 463 462 461 461 460 460 460 461 463 465 467 467 467 469 472 478 484 490 495 501
514 514 513 512 510 508 505 503 501 499 499 498 499 500 500 499 499 499 500 500 500 500 501 501 500 499 497 495 493 492 490 489 487 485 484 483 481 480 478 478 476 474 472 470 469 469 468 468 468 468 469 469 471 474 476 478 480 482 484 485 484 483 482 481 480 478 477 476 474 472 470 469 467 465 462 461 461 462 462 461 462 463 464 466 467 469 471 475 480 486 490 495 503 510
512 513 513 511 509 507 504 501 499 498 497 496 497 498 497 496 496 496 496 496 497 496 496 496 496 496 494 492 490 489 487 485 483 481 480 479 479 477 477 476 474 472 470 468 468 468 469 469 469 470 470 471 473 477 480 483 485 485 485 485 484 483 483 483 481 479 477 476 475 472 470 468 466 464 462 461 461 462 462 463 464 465 466 467 469 471 474 480 486 491 494 500 507 512
510 512 512 510 508 506 504 501 499 497 494 493 494 495 495 494 493 493 494 494 493 492 491 491 492 491 489 487 486 485 484 482 480 478 477 477 476 475 474 474 472 470 468 468 468 470 470 470 471 473 474 475 477 480 483 485 486 486 486 485 484 483 484 484 483 481 478 476 474 472 469 466 464 463 462 461 462 463 464 465 466 467 468 469 471 474 480 484 489 494 497 502 508 513
509 510 511 510 508 506 504 501 499 496 493 491 491 492 492 492 492 491 491 490 489 488 487 486 486 485 484 482 481 480 480 479 477 476 475 475 474 473 472 471 470 470 469 469 470 470 471 472 473 475 478 482 484 484 485 487 487 486 486 485 484 483 484 484 483 480 477 474 473 470 468 465 463 462 462 462 463 465 466 467 467 468 469 471 473 476 482 489 493 498 501 505 509 513
506 507 508 509 508 505 503 501 499 496 493 491 490 490 490 490 489 488 487 486 486 485 485 483 482 480 479 479 478 478 478 477 476 475 474 475 474 473 471 470 471 471 471 471 471 472 472 473 475 477 480 483 485 486 487 488 488 487 485 485 484 484 483 482 480 477 475 474 471 469 467 465 463 462 463 464 466 467 468 468 469 470 471 474 476 481 486 492 497 500 504 508 511 514
504 504 505 507 506 504 502 500 498 495 493 490 489 488 488 487 486 485 484 483 483 483 483 481 479 478 477 476 476 476 476 476 476 475 475 475 475 474 473 473 474 475 475 475 474 474 475 475 477 478 480 482 485 486 487 488 488 487 486 485 485 484 483 480 476 473 472 471 469 468 467 465 464 464 465 466 467 468 470 472 473 474 476 480 483 486 489 495 500 504 507 512 516 519
502 501 501 502 502 502 501 499 496 494 491 488 487 486 485 485 484 483 482 482 482 482 481 480 478 477 476 475 475 475 476 476 476 476 476 476 475 475 476 476 477 478 479 478 477 476 477 478 478 479 481 484 486 487 488 487 488 488 487 486 485 484 482 479 475 472 471 469 469 468 468 467 466 467 468 469 469 471 473 475 476 478 481 483 485 488 492 496 503 507 513 518 522 526
500 499 498 498 498 498 498 496 494 492 490 487 486 485 485 484 482 482 481 481 481 480 480 479 478 476 476 476 476 476 476 476 477 477 477 477 476 476 477 478 479 480 481 481 480 480 480 480 480 482 484 486 487 488 488 489 488 488 487 487 486 484 481 477 474 472 470 469 469 469 468 468 468 470 471 471 472 473 475 476 478 480 484 486 489 493 496 499 504 511 518 523 527 529
498 497 497 496 495 495 493 492 492 491 489 486 485 485 484 484 483 482 482 481 481 480 480 479 478 477 477 477 478 478 477 477 477 478 478 478 478 479 480 482 483 483 484 484 484 484 483 483 484 485 487 487 488 489 490 490 489 488 487 486 485 482 479 476 473 472 470 470 470 470 470 470 471 471 472 472 473 475 477 479 482 486 491 493 495 499 501 504 509 516 521 525 529 531
497 496 495 495 494 493 491 489 489 488 487 485 485 484 484 483 483 483 483 482 482 482 481 480 479 478 478 479 479 479 479 478 478 479 480 481 482 484 486 487 488 488 488 488 488 487 487 487 487 487 487 488 489 489 490 491 490 488 486 484 483 480 477 474 472 471 471 470 470 470 471 471 472 473 473 474 476 479 482 484 488 493 499 500 501 504 507 509 514 519 523 527 530 531
496 494 494 493 493 491 489 487 486 486 485 485 484 484 483 483 484 484 484 484 483 484 483 482 481 480 479 479 479 480 480 480 481 483 485 486 487 490 492 492 493 492 492 492 491 492 491 491 490 490 489 489 490 490 490 490 489 488 486 483 480 478 476 473 472 471 471 471 471 471 471 472 474 476 478 480 482 484 486 489 493 501 506 508 509 510 510 513 516 521 525 529 532 533
494 493 492 492 491 489 488 486 485 485 485 484 484 483 483 483 484 485 485 486 486 486 485 484 483 482 482 481 480 480 482 483 484 487 489 491 492 494 496 497 498 498 497 496 495 495 494 494 493 493 492 491 491 490 489 489 488 487 484 481 479 476 474 473 472 471 471 471 472 473 474 475 477 479 481 484 487 490 492 496 502 506 512 516 517 517 518 518 521 524 528 530 533 535
493 492 491 490 489 488 487 486 485 485 485 485 484 484 484 485 486 487 488 489 488 488 487 486 485 485 486 485 484 483 483 485 487 489 492 493 494 496 497 498 500 501 500 499 498 497 496 496 496 495 494 492 491 490 489 488 486 484 482 479 477 474 473 472 472 471 471 472 473 473 476 478 479 481 483 487 491 494 496 502 506 510 515 518 520 522 524 526 527 528 529 531 533 534
491 490 491 490 489 487 487 486 485 485 485 485 484 485 486 487 488 490 492 493 494 494 493 491 490 491 491 490 488 486 486 487 488 491 493 495 496 497 498 499 500 501 500 500 499 498 498 497 496 495 493 491 490 488 487 486 483 481 479 478 476 474 473 473 472 472 472 472 473 474 475 477 478 480 484 487 491 495 498 502 506 511 517 521 523 524 527 529 531 531 531 532 533 534
491 490 490 490 489 488 487 487 487 486 485 485 486 487 488 490 491 493 496 497 499 500 499 498 497 495 494 493 491 489 489 490 492 494 496 498 499 501 501 501 502 501 501 500 501 500 499 497 496 494 492 491 489 488 485 482 480 479 478 477 475 474 473 473 472 472 472 472 473 474 476 476 477 479 482 486 489 493 497 503 508 512 519 522 523 525 527 530 532 534 535 534 534 535
491 490 491 490 489 488 488 488 488 487 486 486 488 490 492 494 496 498 500 503 505 504 503 502 500 498 496 495 493 492 493 494 495 497 498 500 502 503 503 503 502 502 501 501 501 500 498 497 495 494 492 490 488 486 484 481 479 479 478 476 475 474 474 472 472 472 473 474 475 476 476 476 477 479 482 486 490 492 497 503 509 514 519 522 522 524 527 530 533 535 536 535 535 536
491 491 491 490 488 488 488 488 488 487 487 488 489 492 494 496 499 501 504 507 509 508 506 505 502 500 500 499 498 497 497 497 498 499 500 501 503 504 504 502 502 501 501 500 499 498 498 496 495 494 492 489 487 486 484 481 479 478 477 476 475 475 474 473 472 473 474 475 476 477 477 477 478 480 482 487 490 493 496 502 507 514 517 520 523 525 527 529 531 533 534 535 536 537
492 491 490 489 488 488 488 488 488 489 489 490 491 493 495 498 500 503 505 508 510 510 510 508 505 504 504 504 503 502 501 500 500 501 501 502 503 504 503 501 500 500 499 499 498 497 496 495 494 493 490 488 486 485 483 480 478 477 477 476 475 475 474 474 474 474 474 475 476 477 478 478 479 480 482 486 491 495 496 499 503 508 513 517 520 523 525 528 531 533 534 535 537 538
492 492 490 489 488 488 488 489 489 490 491 492 493 494 496 499 501 503 507 509 510 510 510 508 508 507 507 507 506 505 503 503 502 502 503 503 503 503 502 501 500 499 499 498 497 496 495 493 492 490 488 486 485 484 483 481 479 477 477 477 476 476 476 476 476 475 476 477 478 478 479 480 481 482 483 486 490 494 495 497 499 503 507 512 516 520 523 527 531 534 535 536 538 539
492 491 491 490 490 490 490 490 489 490 491 493 494 495 496 498 500 503 506 508 509 509 508 508 508 509 508 507 506 506 505 505 504 504 504 504 503 501 500 499 498 497 497 496 495 494 493 491 490 488 486 484 483 482 481 480 478 477 477 477 477 477 477 478 478 479 480 481 480 479 479 481 484 486 487 488 491 493 494 496 497 499 502 508 513 517 520 523 528 532 535 537 538 539
492 491 490 490 490 490 491 491 491 491 492 493 494 494 496 498 500 503 506 508 508 508 508 508 509 509 508 506 505 505 505 505 504 503 503 503 501 500 499 497 496 495 495 495 494 491 490 489 488 487 485 484 482 481 480 478 477 477 477 477 477 478 478 480 482 483 483 484 483 481 480 483 487 490 493 494 496 497 498 499 498 498 501 505 510 514 516 519 525 530 533 535 537 539
492 491 490 491 491 492 493 493 494 495 494 494 494 494 496 498 500 503 505 507 508 508 509 509 509 509 508 507 506 505 505 505 504 502 502 502 500 499 498 496 496 495 495 494 493 490 489 489 488 487 485 484 482 481 480 479 478 478 478 479 478 480 482 484 486 487 486 486 486 486 486 490 494 497 498 500 502 503 504 504 504 502 503 504 507 510 514 519 524 529 531 533 535 537
493 492 492 493 494 495 495 496 497 497 496 495 495 496 497 498 501 504 506 508 510 510 511 510 509 508 508 507 506 506 505 504 503 502 502 501 499 498 498 498 497 496 496 495 493 491 491 491 490 488 486 484 483 482 482 481 479 479 479 480 481 483 486 488 490 489 488 488 489 492 497 501 501 502 505 507 509 509 509 510 510 509 507 507 507 509 514 520 526 529 530 532 534 536
494 493 493 495 497 498 499 499 499 498 498 497 497 497 498 499 501 504 506 508 510 512 512 512 511 510 509 508 507 507 506 504 503 503 502 501 499 499 500 500 500 499 497 496 496 495 494 493 491 489 486 485 484 483 482 480 479 479 480 481 483 486 488 490 491 491 489 489 491 496 502 505 507 510 514 516 516 515 515 515 514 513 511 510 509 511 515 521 526 529 530 533 535 536
495 495 496 498 501 502 503 503 502 500 499 499 498 498 499 500 502 504 506 507 509 510 511 511 511 510 509 508 508 507 505 504 503 503 503 502 501 501 501 501 501 500 499 498 498 498 496 494 492 490 488 486 484 483 481 479 478 479 480 483 485 487 490 492 493 493 492 493 496 502 507 509 513 518 522 523 523 522 521 520 518 516 514 511 511 512 516 520 524 527 530 532 535 536
496 497 499 501 504 505 505 506 505 504 502 500 499 499 499 501 503 505 507 508 509 509 510 510 511 511 509 508 507 506 506 505 505 505 504 503 503 502 502 502 502 501 500 499 498 497 495 494 491 490 489 487 484 482 480 479 480 481 482 484 485 489 492 493 494 494 494 497 504 510 515 517 521 524 527 530 529 528 526 523 520 518 515 512 511 513 515 519 522 525 528 530 533 535
496 498 500 502 505 507 508 508 508 507 504 503 501 500 501 502 504 506 509 510 510 510 509 510 511 510 509 507 506 506 507 508 507 506 505 503 503 503 503 503 503 502 500 499 498 496 494 492 491 489 489 487 484 482 481 481 482 483 483 484 487 491 494 495 496 497 498 502 507 514 519 524 528 530 533 533 532 530 527 524 521 518 516 513 512 512 514 518 522 525 527 529 531 534
497 499 502 504 507 510 511 510 509 507 506 503 502 501 501 503 505 507 510 511 510 509 509 510 510 510 509 508 508 508 509 509 508 507 505 503 503 503 503 503 502 501 500 499 498 497 495 493 492 490 488 487 484 483 483 483 483 484 485 486 489 494 498 500 501 502 504 508 512 518 522 527 531 534 536 535 533 529 526 524 521 520 517 515 513 512 515 518 522 524 526 527 530 533
499 502 504 507 509 511 512 512 510 508 506 504 502 501 502 504 506 507 508 509 509 508 509 509 510 510 510 510 510 510 510 510 509 507 506 505 505 504 503 502 501 500 499 498 497 497 496 494 492 489 487 485 485 484 483 483 484 486 488 490 493 496 500 502 504 506 509 514 518 524 528 530 533 535 537 536 534 530 527 524 521 520 517 515 513 514 518 521 523 525 527 528 531 533
501 503 506 508 510 512 513 513 512 509 507 503 502 502 502 504 506 507 508 508 509 509 509 510 510 510 511 511 510 510 510 510 509 508 507 506 506 505 503 501 500 499 497 495 495 495 494 493 491 489 486 485 484 483 483 484 486 490 493 494 496 498 501 504 507 509 516 521 526 530 533 537 537 538 537 537 535 531 527 524 522 519 517 514 514 516 520 523 525 527 529 531 532 533
503 505 507 510 512 514 515 514 512 510 507 504 503 502 503 503 504 506 508 508 508 508 509 510 510 511 511 511 511 510 510 509 507 507 505 505 504 503 502 501 500 499 497 495 495 494 492 491 490 488 485 485 484 484 484 487 492 496 497 497 500 503 508 510 512 515 521 527 531 534 538 539 540 539 538 536 534 531 527 524 522 519 516 514 515 519 522 524 526 530 531 533 534 535
505 507 511 513 514 514 514 513 512 510 509 507 506 504 503 503 504 505 507 507 507 508 509 510 511 512 512 511 511 510 509 507 506 505 503 502 501 500 500 500 499 498 497 497 496 494 491 489 488 487 485 485 486 486 488 492 496 499 501 502 505 509 513 516 518 523 528 531 534 537 540 541 541 539 538 535 533 531 527 523 521 519 516 516 518 522 525 527 530 532 534 535 536 537
506 511 514 515 515 514 513 513 513 512 510 509 509 507 505 504 505 505 506 507 508 510 511 511 511 511 510 509 510 509 507 506 506 505 503 500 499 498 497 496 496 496 497 496 494 492 489 487 486 485 485 486 488 489 491 495 499 503 507 508 511 515 520 523 527 532 534 534 537 539 541 543 542 540 538 535 533 530 527 524 521 519 518 518 521 525 528 530 532 533 536 538 539 539
507 512 516 517 516 515 515 514 514 512 510 509 510 509 508 506 506 506 507 508 510 511 512 511 511 510 508 508 507 508 507 506 505 503 501 498 496 495 495 495 495 495 494 493 491 489 487 486 485 485 484 486 488 490 493 498 503 507 510 512 517 523 527 530 535 537 537 538 539 542 543 543 542 540 538 536 533 530 527 524 522 520 520 521 523 527 529 530 531 533 535 538 539 540
508 512 515 516 516 516 516 515 514 512 510 509 509 510 509 508 507 507 508 509 510 511 512 512 512 511 510 508 508 508 506 505 503 501 498 495 494 494 494 494 493 492 491 489 489 488 487 487 487 487 487 488 490 492 495 501 506 509 511 516 522 528 531 534 537 540 540 542 543 544 544 543 541 540 538 535 532 529 526 524 523 523 523 523 526 529 531 531 532 533 534 536 537 538
508 511 513 515 516 515 515 515 515 513 511 509 508 510 510 509 508 509 509 510 512 513 514 514 513 512 511 510 509 507 505 504 502 501 498 495 494 493 494 493 492 490 489 488 488 488 488 488 489 490 491 492 492 494 497 502 508 512 516 522 527 531 534 537 541 543 544 545 546 545 544 543 541 539 537 534 531 529 526 525 525 526 526 526 527 529 531 533 534 535 535 535 535 535
