data/idlib_outskirts.asc
ncols        452
nrows        335
xllcorner    36.571527777806
yllcorner    35.820138888886
cellsize     0.000277777778
NODATA_value -32768
[rows 126 to 167 of 335, columns 188 to 281 of 452]
481 480 478 476 474 473 471 469 467 466 465 463 461 460 459 457 456 456 457 459 459 461 465 469 473 474 473 470 466 461 459 459 459 458 456 455 454 453 453 452 451 450 448 446 444 443 444 442 440 438 437 436 434 433 432 431 430 430 431 431 431 430 430 429 429 428 428 427 428 428 428 427 426 427 428 428 426 425 423 422 422 422 422 421 422 423 424 424 422 420 419 418 418 417
481 480 477 475 473 471 470 469 467 466 465 463 462 462 461 460 459 458 459 459 460 461 465 469 470 471 471 469 465 461 460 460 460 458 456 455 454 453 452 451 450 449 447 445 444 443 441 440 438 438 438 436 435 434 432 432 431 431 430 431 431 431 431 430 429 428 427 427 428 429 429 428 427 427 428 427 426 424 424 423 423 422 421 422 422 423 423 423 423 421 419 418 417 416
480 479 477 474 472 470 468 467 465 465 464 463 462 462 462 461 460 459 458 458 459 460 462 464 465 465 465 463 462 460 459 460 459 458 455 454 453 453 452 450 449 448 446 445 444 442 440 439 438 438 438 437 436 435 434 433 433 432 431 431 431 431 431 430 429 429 428 429 429 429 429 429 428 429 428 427 426 425 426 425 425 424 423 422 422 422 422 422 422 422 420 418 417 416
480 479 477 474 472 469 467 465 465 464 464 463 462 462 462 461 460 458 457 457 457 458 459 460 460 460 461 460 458 458 458 459 458 456 454 454 453 452 452 450 449 447 446 445 444 442 441 440 439 439 438 437 436 435 435 435 434 434 432 432 432 431 430 430 430 430 430 431 431 430 429 430 430 430 429 426 425 426 426 426 426 425 424 423 421 420 421 421 422 421 420 419 419 418
480 478 476 474 472 471 469 467 466 465 465 464 464 464 463 462 460 459 457 457 456 456 457 457 457 458 459 458 457 456 458 458 458 456 454 453 452 452 452 450 449 447 446 446 445 443 441 440 439 438 438 438 437 437 437 437 435 434 433 432 432 430 430 429 429 429 430 431 431 430 429 430 430 430 428 426 425 425 425 426 426 425 424 423 421 419 419 421 421 420 419 420 420 419
480 477 475 474 474 473 471 469 468 467 466 466 466 466 465 463 462 460 459 458 457 456 456 455 456 456 457 457 456 456 457 457 456 455 454 453 452 452 452 451 449 447 446 446 445 443 441 439 438 438 438 438 438 438 437 436 435 434 433 432 431 430 429 429 428 428 428 430 431 429 428 428 428 427 427 426 426 425 424 424 425 425 424 423 422 420 419 420 421 420 420 420 420 419
480 478 476 475 474 474 472 470 469 468 468 467 468 467 466 465 464 463 462 460 459 457 455 454 454 454 454 454 455 455 456 455 453 452 453 452 452 452 451 450 449 448 447 446 445 443 442 440 439 438 438 438 438 438 437 436 435 434 433 432 431 431 430 429 429 429 429 429 429 429 427 426 426 426 426 426 426 426 424 424 425 425 425 425 424 421 420 420 422 421 421 421 420 419
481 479 477 475 474 473 472 471 470 469 469 468 468 468 467 466 465 465 464 462 459 457 455 453 452 452 451 452 453 453 453 452 451 451 451 452 452 451 449 449 448 447 445 444 443 443 442 441 440 439 438 438 438 438 437 435 435 435 434 433 432 431 431 431 431 431 430 429 429 429 427 426 426 426 426 426 426 426 425 425 425 425 426 426 425 423 421 423 423 422 421 421 421 420
482 481 478 476 475 474 473 472 471 470 469 469 468 468 468 467 467 466 464 462 459 457 455 454 453 451 450 451 451 451 451 450 450 450 450 450 449 449 448 447 446 445 444 442 442 442 441 442 442 441 439 438 439 438 437 436 435 436 435 434 433 433 432 431 431 431 430 430 429 429 428 426 426 426 427 427 426 426 425 425 425 425 425 425 424 423 423 423 423 421 420 420 420 419
482 481 479 477 476 474 473 472 471 470 469 469 469 468 468 468 468 466 464 462 459 457 457 456 454 452 451 451 451 450 449 449 449 448 448 447 447 446 446 445 445 445 444 444 443 442 441 442 442 441 440 440 440 439 438 437 437 436 435 434 434 434 433 432 431 431 430 430 429 429 428 427 427 427 427 427 426 425 424 424 424 424 424 424 423 422 422 422 421 420 419 420 420 419
481 480 479 477 474 473 472 472 470 469 468 468 468 468 468 468 467 466 464 462 460 458 458 457 455 453 452 452 451 450 450 449 449 447 447 446 446 445 444 444 444 444 445 445 444 442 441 441 441 441 440 440 439 439 438 437 436 436 435 434 434 434 433 432 432 431 431 430 429 428 428 428 429 428 427 427 426 425 424 424 424 423 423 423 422 422 422 421 420 419 420 420 421 421
481 479 479 477 475 474 473 471 469 467 466 466 466 466 466 466 466 464 463 462 460 459 458 457 455 454 453 452 451 450 450 449 449 448 447 447 446 444 444 444 443 443 444 444 443 441 441 441 440 440 440 440 439 439 438 437 436 435 434 434 434 433 433 433 432 432 431 430 429 427 426 427 428 427 427 426 426 425 424 423 423 422 421 421 421 421 422 421 420 420 420 420 421 421
481 480 479 479 477 475 473 471 468 466 465 464 464 463 462 463 463 462 462 461 459 458 457 456 455 454 453 452 451 450 449 448 448 448 448 447 446 445 444 442 442 442 443 442 442 441 440 440 439 439 439 439 439 438 438 437 436 434 434 433 433 432 432 431 431 431 430 429 428 426 426 425 426 425 425 425 424 423 422 422 422 421 420 420 420 421 420 419 418 418 419 419 419 418
480 479 479 478 476 474 472 470 467 464 463 462 461 460 460 460 460 461 460 459 457 457 455 455 454 453 452 452 451 449 448 447 448 448 448 447 445 444 442 440 440 441 442 442 441 440 440 439 438 437 437 437 437 437 436 436 435 434 433 433 432 431 430 429 429 428 428 427 427 426 425 424 423 423 422 422 422 422 421 421 421 420 420 420 420 419 419 418 417 417 418 418 417 416
476 477 477 476 474 472 470 469 467 464 461 460 459 458 457 457 457 457 457 455 454 453 453 452 451 451 450 450 449 447 446 447 447 447 446 445 444 442 440 438 439 439 440 439 438 438 438 437 436 436 435 435 435 436 436 435 434 434 433 432 431 430 429 429 428 428 428 428 428 427 425 424 423 423 422 422 423 422 422 421 420 420 421 421 420 420 419 419 418 419 419 418 417 417
472 473 473 472 470 469 468 467 465 462 460 458 457 456 455 454 453 454 453 451 450 450 450 450 450 449 448 448 446 445 445 445 446 445 444 443 442 441 439 438 438 438 437 436 435 436 436 436 436 435 434 434 434 434 433 432 432 432 433 432 431 429 429 429 429 430 429 429 428 427 425 425 425 424 424 424 424 423 422 421 421 421 421 421 421 420 421 421 421 421 420 418 417 417
467 468 468 467 466 465 465 464 462 459 458 457 456 454 453 452 452 451 451 449 449 448 448 448 448 447 447 446 444 444 443 443 444 443 442 441 440 439 438 438 438 438 436 436 435 435 436 436 435 435 434 433 432 432 431 431 430 432 432 432 431 431 430 429 430 431 430 429 428 427 426 426 426 426 426 426 425 424 423 422 422 421 421 421 421 422 422 422 422 421 419 418 418 417
462 462 462 463 462 460 460 459 457 456 455 454 453 453 453 452 451 451 451 450 449 448 447 447 447 447 446 444 443 442 442 442 442 442 441 440 439 438 438 438 438 438 438 436 436 436 436 436 436 435 435 433 432 432 431 431 430 430 431 432 432 433 432 431 431 432 430 429 428 427 427 427 427 427 427 426 425 424 424 423 423 422 421 421 421 422 422 422 421 420 419 419 419 418
458 459 459 459 458 457 456 455 454 454 453 451 450 451 452 452 451 451 451 451 450 448 447 447 448 448 446 444 442 442 442 442 442 441 441 441 441 439 438 438 438 438 438 437 437 437 436 435 435 435 434 434 433 432 432 431 430 430 431 432 433 433 433 432 432 432 431 430 429 429 428 427 427 427 426 425 424 424 424 424 424 423 422 421 421 421 421 421 421 420 419 419 419 418
456 457 457 456 455 455 454 453 452 452 452 451 450 450 451 451 450 450 451 451 450 448 447 448 449 448 446 445 444 444 444 443 442 441 441 442 443 442 440 439 438 438 438 438 437 437 436 435 434 434 434 434 433 432 431 431 431 431 433 434 434 433 433 432 432 432 432 431 430 430 429 428 427 425 425 426 426 426 426 425 424 423 422 421 420 420 420 421 421 420 420 420 420 419
455 456 456 455 454 454 453 452 451 452 452 451 451 450 450 450 450 451 451 450 450 449 449 450 450 449 448 448 448 448 447 446 444 444 444 444 445 444 442 439 439 438 438 438 438 437 436 435 435 435 435 434 434 432 432 431 433 434 434 435 435 434 433 433 433 432 432 432 431 431 430 429 427 426 427 429 429 427 426 425 424 423 422 422 421 421 421 421 421 420 419 419 419 418
455 456 456 455 455 454 454 453 452 452 452 452 452 453 452 451 451 451 451 451 451 451 451 452 452 451 451 451 451 450 450 449 446 446 446 447 446 445 443 441 440 440 439 439 438 437 437 436 436 436 436 436 436 435 433 433 434 434 434 434 434 433 433 433 433 432 432 432 431 431 430 429 428 428 428 429 428 426 425 425 425 424 423 422 422 421 421 421 421 419 418 418 418 418
457 457 456 456 456 456 455 455 454 454 454 454 455 456 455 454 453 452 452 452 452 453 454 454 455 454 454 454 454 453 453 451 449 447 448 447 446 445 443 442 441 440 439 439 438 437 437 437 437 436 437 437 438 436 434 434 434 434 433 432 432 432 432 433 433 433 432 431 430 429 429 429 429 428 427 426 425 425 424 425 425 424 423 422 421 421 421 420 420 420 419 418 417 416
457 457 457 456 456 456 456 456 456 456 456 456 456 457 458 457 456 454 454 453 453 455 457 458 458 457 456 456 455 455 455 453 451 450 449 448 448 447 445 443 442 441 440 439 438 438 437 437 437 437 437 437 438 436 434 434 434 434 433 432 432 431 431 432 432 432 432 430 429 429 429 428 427 426 425 424 423 422 423 424 424 424 423 422 421 421 420 420 420 420 419 418 417 416
458 457 456 456 456 457 457 457 457 457 457 457 458 459 460 459 458 457 456 455 456 457 460 461 461 461 460 459 458 457 456 454 452 451 450 449 449 448 446 444 443 443 443 441 440 439 438 438 438 437 437 437 437 436 435 434 435 434 433 432 431 430 430 430 431 431 432 431 430 429 428 427 425 424 424 423 422 422 423 424 424 424 423 422 422 421 421 420 419 418 418 418 418 417
459 458 457 457 457 458 458 459 460 460 459 459 459 460 461 461 459 458 458 458 459 461 462 463 463 464 462 461 460 459 457 455 453 451 451 450 450 449 447 445 444 444 444 442 440 439 439 439 439 438 438 438 436 435 435 434 434 434 433 432 430 429 429 429 430 430 431 431 431 429 428 426 425 424 424 423 422 422 423 423 423 423 422 421 420 420 420 419 418 417 417 417 417 416
459 458 457 457 457 458 459 461 463 463 462 462 462 463 464 463 462 460 460 460 461 463 463 464 464 464 463 462 461 460 458 455 454 452 452 452 452 450 449 447 445 444 444 442 441 440 440 439 439 438 439 438 437 435 434 434 434 434 433 432 430 430 430 430 430 430 430 430 429 428 427 426 426 425 425 424 423 422 422 421 421 421 421 420 419 418 418 418 418 417 417 416 416 416
460 459 458 458 458 458 460 463 465 466 466 466 466 467 467 466 464 463 463 463 464 464 465 466 466 465 464 464 462 460 457 456 454 453 453 454 453 452 450 448 446 446 445 444 443 441 441 439 438 438 439 438 437 435 434 434 434 434 433 432 431 431 431 431 430 429 429 429 428 427 426 426 426 426 426 424 423 422 422 421 420 419 418 418 418 418 418 418 418 418 418 417 416 416
461 460 460 461 461 461 463 465 467 468 469 468 469 469 468 468 467 466 466 467 467 467 467 468 467 466 465 464 462 460 458 456 455 454 454 454 454 453 451 450 449 448 447 447 445 444 442 440 438 437 437 436 434 433 433 433 432 432 433 433 433 432 431 430 430 429 429 429 427 427 427 426 426 426 426 425 423 422 422 421 419 418 418 418 419 419 418 417 417 417 417 416 415 415
461 461 462 463 464 465 467 468 470 472 472 471 471 471 470 469 468 468 469 469 469 468 468 469 469 468 467 465 462 460 459 458 457 457 456 456 455 454 453 452 451 450 450 449 447 446 444 442 440 438 437 436 434 434 434 434 432 431 432 433 433 432 431 430 430 430 430 429 429 427 427 426 425 426 426 425 424 423 422 421 420 419 419 419 419 418 418 418 418 417 416 415 414 414
461 462 463 464 467 469 471 472 474 476 476 475 473 472 471 470 470 470 471 471 470 469 469 470 469 469 467 465 463 461 460 459 459 459 459 457 456 455 454 453 453 452 451 450 448 447 445 443 441 440 439 438 437 437 437 436 434 432 432 433 433 433 433 432 432 431 431 430 429 428 428 427 426 426 426 426 426 424 423 422 421 420 419 419 418 417 417 417 417 417 415 414 413 413
461 462 464 466 469 471 472 474 477 479 479 477 474 473 473 473 473 473 473 473 471 470 470 470 470 469 467 465 463 462 461 460 459 460 460 459 458 457 455 454 453 453 452 450 448 446 445 443 442 441 440 439 438 437 437 437 436 434 434 434 434 434 433 433 432 432 431 430 429 429 428 428 427 427 427 426 426 424 423 422 422 421 419 418 417 416 415 416 416 416 415 414 413 414
463 465 467 469 470 471 473 475 478 480 480 478 476 475 475 476 477 476 475 474 472 471 471 471 470 469 468 466 465 464 464 463 461 460 460 461 461 460 458 456 454 454 454 452 449 447 446 445 444 442 441 440 439 438 437 437 436 435 435 435 435 434 433 432 432 432 431 430 429 429 428 428 427 427 426 425 424 423 421 421 421 421 420 419 418 417 416 415 416 415 415 415 415 415
466 469 470 472 473 473 475 477 480 482 481 479 478 478 479 479 479 478 477 476 474 473 472 471 470 470 468 467 466 466 465 465 464 462 460 462 463 462 460 458 456 456 455 453 450 449 448 447 446 444 443 442 440 438 437 436 436 436 436 436 435 434 433 433 434 433 433 432 431 429 428 427 427 427 425 425 423 422 421 421 421 422 421 420 419 419 418 418 417 416 416 416 415 416
469 472 474 476 477 478 479 482 484 484 483 481 480 480 481 482 481 480 478 477 476 474 473 472 471 469 468 467 466 466 465 466 465 463 462 462 463 463 462 461 459 458 456 454 452 451 450 448 447 445 444 443 441 439 437 436 436 436 436 436 435 434 434 433 433 434 434 434 433 431 427 427 427 426 426 425 424 423 422 421 422 422 422 421 419 419 420 419 419 418 417 416 416 416
472 475 479 481 482 483 484 485 485 485 484 482 481 480 481 482 482 480 479 478 477 475 474 473 472 470 469 468 467 467 467 466 465 464 464 464 465 464 464 463 462 459 457 456 454 453 451 449 447 445 443 443 442 440 438 437 437 437 437 436 436 435 434 433 432 433 433 433 432 428 427 427 427 426 426 425 425 424 422 422 421 421 421 420 419 418 419 419 419 419 418 418 417 416
475 480 484 486 487 486 486 486 486 485 483 482 481 481 482 482 482 481 480 479 478 477 475 474 473 471 470 468 468 468 467 467 466 465 465 465 466 465 464 463 462 460 458 457 456 454 451 448 446 444 444 444 443 442 440 439 438 438 438 437 437 436 435 433 432 431 430 430 429 429 427 427 426 426 425 424 424 424 423 422 421 420 419 419 419 418 418 418 419 419 420 419 417 416
478 482 486 488 488 488 488 488 487 485 483 482 482 482 483 482 482 482 481 479 479 478 476 475 473 471 470 469 468 467 467 467 466 466 466 466 466 464 463 462 462 460 458 457 455 453 451 448 447 445 445 445 444 443 441 439 439 438 438 438 437 437 436 434 433 431 430 429 428 428 427 425 425 424 424 424 424 423 422 421 421 420 419 419 419 419 418 418 419 420 421 421 419 417
479 483 487 489 490 489 489 489 488 487 485 483 482 482 482 481 481 480 479 477 477 477 475 474 471 469 469 468 468 467 466 466 467 467 466 466 465 464 462 462 461 460 457 456 455 453 452 450 449 447 446 446 445 443 441 440 439 439 438 437 438 438 437 435 434 432 431 430 430 429 427 426 424 424 424 425 424 424 422 421 421 421 420 420 421 420 420 419 420 421 421 421 420 418
480 484 488 491 490 490 489 489 488 487 485 483 482 481 480 478 477 476 475 474 474 475 474 473 470 468 467 468 468 466 465 465 466 466 465 464 463 462 460 460 459 458 457 456 454 453 452 451 450 448 446 445 444 443 443 441 440 440 439 438 438 438 437 436 435 433 433 433 431 430 428 427 426 425 425 425 424 424 423 422 421 421 422 422 422 422 421 421 421 421 422 422 420 418
481 485 489 490 490 490 489 488 487 485 484 483 481 479 477 475 473 473 472 471 472 473 473 471 470 468 467 467 467 466 465 465 465 464 464 463 461 460 459 458 458 457 456 455 453 451 450 450 448 446 445 444 444 445 444 443 443 442 440 438 438 438 438 437 436 435 435 435 435 432 430 429 428 426 425 424 424 424 424 424 423 423 423 423 422 422 422 421 421 421 421 421 420 418
481 484 486 488 489 488 487 485 484 483 482 481 478 477 475 474 472 471 471 471 470 471 471 470 469 468 467 466 465 464 463 464 464 464 463 462 461 460 459 458 457 456 455 454 452 450 449 449 447 446 444 444 444 444 445 445 445 444 441 439 438 438 438 437 437 436 436 436 436 434 431 430 429 428 426 425 424 424 424 424 424 424 423 423 422 422 421 421 420 421 421 421 419 418
