data/jabal_hmeid.asc
ncols        614
nrows        451
xllcorner    35.237083333362
yllcorner    33.076805555552
cellsize     0.000277777778
NODATA_value -32768
[rows 42 to 83 of 451, columns 282 to 375 of 614]
399 403 404 409 411 414 415 416 415 410 403 396 386 377 368 357 355 356 363 371 378 383 387 389 389 391 393 393 391 392 393 393 392 391 389 387 388 389 391 395 399 403 405 404 403 403 405 405 406 409 410 413 417 418 416 416 421 424 427 433 440 447 450 453 456 456 457 458 459 457 454 451 449 451 457 460 462 462 461 456 452 445 442 442 444 445 445 447 453 463 473 479 483 488
404 404 406 406 409 411 412 415 416 411 405 401 394 383 370 361 358 360 367 375 382 387 391 393 392 392 395 394 394 394 393 393 392 391 390 389 390 390 392 394 399 403 406 406 407 408 409 409 409 411 415 418 422 424 421 423 424 426 429 434 442 447 452 457 461 461 460 462 464 463 457 453 452 454 459 464 466 467 465 460 452 448 446 448 451 451 449 450 457 467 476 481 488 496
404 403 403 403 404 406 409 412 414 411 405 401 398 387 375 365 360 361 366 374 381 386 390 392 392 390 391 393 393 393 392 392 392 393 392 393 393 393 393 396 400 404 410 413 412 412 415 415 413 414 416 419 423 427 430 430 431 430 430 436 442 448 454 462 466 467 467 468 467 467 462 456 454 460 464 468 469 470 470 463 457 452 451 454 457 458 454 455 462 469 475 481 489 499
398 397 399 400 404 407 409 411 412 411 407 405 402 393 380 372 365 364 366 370 378 384 387 389 388 386 386 389 391 391 391 392 394 397 397 397 396 395 395 397 401 409 416 419 419 419 420 421 419 417 419 422 424 430 434 436 437 436 438 441 446 452 460 467 470 471 473 474 473 471 467 461 461 467 470 471 471 473 472 468 462 457 457 462 466 464 460 458 463 470 478 490 499 507
390 391 394 399 404 407 409 409 409 409 408 404 401 395 385 378 372 367 366 369 375 379 382 384 383 382 382 385 391 392 393 395 398 399 400 400 397 396 396 398 403 410 415 420 424 424 426 425 423 420 421 425 429 434 440 441 442 445 448 450 453 459 466 471 473 475 478 479 477 475 473 470 471 473 475 476 480 479 477 474 470 466 465 469 471 472 466 464 466 471 486 498 505 511
381 384 389 397 402 405 405 407 409 407 406 402 398 395 389 383 380 375 369 370 373 375 376 378 379 379 380 384 390 393 395 397 401 401 402 402 402 401 401 401 404 408 414 418 423 428 429 430 428 422 423 428 431 437 443 447 451 454 456 459 461 466 471 475 477 480 481 482 481 479 479 477 476 479 482 485 487 486 480 477 474 469 469 473 479 479 476 472 471 476 486 496 503 512
375 379 385 393 400 402 403 404 404 402 401 398 396 395 391 387 385 383 378 375 374 373 373 375 377 378 379 383 389 393 396 399 401 404 406 407 406 406 406 404 405 409 414 419 422 428 433 436 435 431 429 431 436 441 447 457 461 463 465 467 468 471 475 478 482 486 488 487 486 487 484 481 481 485 487 489 491 488 483 480 477 472 472 478 483 484 483 481 476 476 483 493 504 515
369 375 381 389 393 396 397 398 397 397 395 394 391 392 388 386 384 382 381 377 375 373 372 375 378 381 384 386 388 394 398 400 402 405 410 413 413 411 411 411 409 410 416 419 424 430 437 440 439 437 436 437 440 445 454 461 468 471 474 478 479 479 481 483 488 491 492 491 491 491 488 484 485 491 493 494 495 493 487 484 480 477 477 482 487 490 491 487 482 479 483 493 506 515
363 369 375 380 383 386 388 388 389 390 389 388 388 388 385 382 380 379 378 377 377 376 377 378 381 383 386 386 390 395 400 403 404 406 412 418 421 419 421 419 415 414 415 419 425 433 438 442 443 442 443 444 446 450 456 467 473 476 479 484 487 486 487 490 493 496 497 496 496 494 489 487 491 494 497 500 503 500 494 490 487 485 485 488 491 494 496 493 487 484 486 494 504 515
357 362 365 369 372 374 377 377 379 381 383 383 382 383 383 381 379 379 380 381 383 383 384 385 385 387 387 387 390 394 398 400 405 410 417 421 422 424 425 423 419 416 415 418 425 433 441 444 446 448 449 452 455 459 464 471 477 480 483 487 491 493 495 498 501 502 503 502 503 500 495 492 493 497 500 506 507 505 502 498 495 493 490 490 495 499 501 500 494 489 488 495 505 514
351 354 356 359 362 365 367 369 371 372 375 375 375 376 378 380 380 381 384 387 387 388 388 390 391 391 389 388 387 390 392 398 407 414 419 421 422 424 427 427 425 419 419 421 427 433 443 449 452 454 458 462 468 471 473 478 483 487 489 493 496 499 501 504 506 507 506 507 506 505 500 498 501 505 509 510 510 512 511 507 506 501 494 495 501 506 508 508 506 499 498 499 505 514
344 346 348 351 354 356 360 361 364 365 366 368 370 372 376 378 381 385 387 388 389 390 391 394 396 397 397 392 390 390 392 399 406 414 418 421 425 428 432 434 432 427 426 427 429 437 445 452 455 460 465 471 474 477 481 485 488 493 496 497 499 504 508 509 510 511 511 512 509 506 504 503 508 515 516 518 519 522 520 518 515 511 504 503 506 509 511 514 516 515 512 509 509 512
344 345 348 351 352 353 355 357 359 361 362 365 368 371 375 378 381 386 389 391 392 392 393 396 399 401 403 402 399 394 394 396 403 409 416 423 431 436 438 442 441 439 434 429 431 436 444 451 457 463 470 474 477 481 486 489 492 494 498 500 503 505 511 512 513 515 517 519 516 510 507 509 512 519 523 525 528 530 529 526 523 519 513 511 510 510 513 518 524 524 521 518 514 518
349 351 353 354 355 356 356 358 360 361 363 365 367 371 375 378 383 388 393 397 398 399 401 404 405 407 409 411 407 404 403 402 402 407 413 421 434 438 442 445 446 446 444 437 435 435 440 447 456 465 472 478 482 486 491 497 497 497 501 504 505 508 512 515 517 520 523 524 521 516 513 512 518 523 527 531 535 538 539 537 532 529 524 519 515 514 518 525 530 529 530 527 525 524
352 355 356 358 359 361 361 363 364 365 364 365 368 370 375 381 387 392 398 402 405 405 407 409 411 414 417 419 416 415 413 409 406 406 410 416 428 436 441 445 448 449 448 443 440 438 438 444 453 461 470 478 484 488 494 499 502 503 504 507 509 513 517 518 521 524 526 526 526 524 522 519 520 525 530 534 539 541 542 543 540 536 532 526 522 522 526 532 537 541 542 539 537 537
353 357 360 363 364 366 367 368 369 368 367 367 368 370 375 383 390 396 401 403 407 408 411 414 416 419 422 424 424 422 422 419 413 409 409 414 423 432 441 447 451 454 452 449 446 445 442 444 448 455 465 475 483 489 495 502 504 506 508 513 517 520 521 523 526 528 531 532 534 533 531 529 528 529 531 537 542 544 544 548 547 542 537 533 529 529 533 540 546 549 551 551 549 548
354 360 365 369 370 371 371 371 372 371 369 370 369 371 375 382 389 395 399 403 407 409 413 417 420 423 426 429 430 431 430 429 425 419 415 415 418 427 439 446 454 458 460 462 461 457 452 451 449 453 462 472 482 489 495 501 505 508 513 517 520 521 522 526 531 535 538 540 540 541 541 539 537 534 537 539 542 547 550 554 556 551 547 540 537 537 542 548 554 556 558 559 559 558
355 362 367 371 373 375 378 379 379 376 374 372 370 371 375 381 387 391 397 401 405 410 414 420 424 426 430 434 436 437 438 436 434 428 423 418 419 427 436 444 451 458 462 465 465 463 462 459 455 455 461 468 478 487 495 501 505 511 516 519 520 523 525 531 536 540 544 545 544 547 546 546 542 544 542 542 546 552 558 562 563 564 557 549 543 543 547 554 559 562 566 567 571 569
357 364 369 372 375 380 384 386 385 382 379 378 374 373 376 382 385 388 393 399 404 411 417 422 427 431 435 438 441 444 444 442 441 438 432 429 424 426 432 439 446 453 460 465 467 469 470 468 466 463 463 464 473 483 492 500 505 511 515 519 522 527 534 539 541 546 549 550 554 555 553 550 551 550 549 550 551 555 560 564 567 568 564 556 551 550 554 559 565 570 575 578 580 579
360 365 370 374 380 385 387 387 388 387 386 382 380 379 380 381 384 387 391 399 407 414 421 426 431 437 440 441 444 447 449 448 447 445 438 437 434 426 428 432 438 446 454 459 468 470 472 473 472 469 466 466 469 479 488 496 501 509 514 519 525 531 538 541 549 552 553 555 558 561 562 561 559 559 557 556 554 557 562 567 569 570 568 562 559 558 560 564 571 578 581 583 585 584
362 366 372 378 384 387 389 391 393 395 391 388 386 383 381 381 383 386 391 398 408 418 423 427 433 440 443 445 447 452 453 453 451 452 449 447 444 436 431 431 434 439 444 452 461 466 468 471 474 474 474 474 473 479 486 490 496 505 514 518 524 530 535 541 547 551 554 557 562 565 565 565 564 564 563 562 560 561 565 569 573 573 573 568 565 563 568 575 583 587 588 590 593 594
364 367 372 379 384 388 391 395 398 399 399 397 393 389 386 385 381 384 390 397 406 415 422 427 433 440 444 448 453 455 457 458 460 460 458 455 451 447 442 437 432 438 440 445 452 457 462 468 473 477 480 480 480 481 483 487 492 499 504 511 517 525 532 537 543 546 551 557 562 565 568 569 570 569 570 569 569 568 569 573 578 578 577 574 571 571 578 587 595 599 598 601 604 604
367 369 373 379 385 389 393 396 401 403 404 403 401 397 396 392 384 383 387 396 403 411 420 426 433 439 444 450 455 456 459 463 466 466 465 463 460 457 454 449 448 446 446 447 450 454 459 464 470 476 480 484 487 487 488 489 492 494 497 503 508 515 524 531 536 542 546 551 557 565 569 572 574 576 577 577 577 577 579 581 582 581 580 579 575 575 583 594 604 607 608 609 609 608
370 372 379 384 388 390 393 399 403 406 407 408 408 406 404 402 397 393 395 396 401 408 415 423 431 439 445 450 454 457 461 466 469 470 469 468 466 465 464 462 461 460 459 457 462 464 465 468 474 476 479 483 488 493 494 496 497 497 499 502 506 510 518 525 531 535 542 548 557 566 572 576 579 582 584 584 585 587 588 588 588 587 588 587 586 587 591 600 609 611 611 612 613 613
378 381 384 387 390 392 395 401 407 410 409 412 414 414 412 410 407 404 398 394 396 401 408 416 428 439 447 451 454 458 464 468 471 474 474 475 474 474 474 475 473 473 473 473 480 481 482 486 484 481 481 485 490 493 497 502 508 510 511 514 517 516 517 520 525 531 539 546 556 566 573 579 583 588 591 593 594 596 595 594 594 594 595 594 595 597 601 608 612 614 614 616 618 619
384 384 386 388 391 394 398 404 409 411 411 415 419 419 418 414 413 410 403 400 399 399 405 413 423 433 445 453 456 459 464 469 474 477 478 480 482 482 481 485 484 484 487 489 492 492 493 495 496 492 490 492 494 495 497 504 513 518 521 526 530 529 523 527 529 531 537 544 552 562 570 578 585 592 598 600 602 602 604 602 600 599 599 601 602 605 608 611 615 618 619 620 621 620
391 393 392 394 395 396 401 407 410 413 416 420 425 425 426 424 421 418 413 410 407 402 403 409 417 427 441 451 455 459 464 470 475 479 481 484 489 490 492 493 492 493 496 499 503 503 503 506 509 508 507 505 501 498 498 505 512 520 526 532 538 538 539 540 538 537 536 541 547 555 564 573 582 590 598 601 603 604 608 609 609 607 608 610 612 610 611 615 618 621 625 627 627 625
401 401 400 399 396 399 403 408 414 420 424 427 428 430 432 431 429 427 426 422 416 410 405 408 413 422 435 445 453 458 464 469 475 480 483 487 494 496 499 500 502 504 505 509 514 514 515 516 518 517 519 518 515 508 507 510 515 521 528 536 542 547 550 551 550 546 546 544 546 554 560 567 578 585 592 598 600 604 609 614 613 616 618 621 619 615 616 619 622 626 630 631 631 629
408 407 406 402 398 399 403 409 417 425 426 427 428 431 434 435 435 435 435 430 424 419 415 411 411 419 431 442 451 459 463 467 473 480 484 489 495 500 504 509 511 513 513 515 521 524 524 523 526 525 525 527 525 521 518 519 520 523 529 540 547 553 557 560 561 560 556 551 551 554 559 563 570 578 586 592 596 601 608 612 614 620 627 627 624 624 625 626 629 632 634 635 635 634
414 415 413 408 404 406 408 412 416 422 427 427 429 434 437 437 438 440 441 437 430 426 423 416 412 417 426 435 445 455 462 466 472 481 486 491 498 504 509 513 516 517 519 523 527 532 532 534 534 534 537 539 535 527 524 520 521 525 531 539 548 556 562 569 575 577 572 565 560 559 559 561 566 572 581 587 592 600 608 614 620 626 630 630 630 630 630 631 633 635 637 639 639 637
418 420 421 420 417 415 414 413 416 420 424 428 433 437 439 442 442 446 448 443 437 434 432 423 416 414 421 428 438 449 458 466 473 480 487 495 501 507 512 517 520 522 523 528 534 537 540 541 543 547 547 546 540 536 534 533 531 531 531 537 546 555 564 573 579 584 581 574 569 566 566 566 566 572 577 584 589 598 607 616 621 626 631 633 636 636 636 637 637 638 641 642 641 637
422 423 426 428 425 424 422 420 419 420 424 429 435 439 442 447 449 450 453 452 448 447 443 434 423 420 422 427 432 440 451 462 472 481 487 495 503 507 514 519 523 525 528 531 535 541 545 547 550 553 553 551 548 547 549 545 542 536 532 537 546 554 562 571 577 581 582 578 576 574 573 573 574 574 577 582 588 597 605 612 621 627 631 634 637 639 642 643 641 643 645 644 642 638
423 424 428 431 431 432 433 430 428 430 432 435 440 442 447 452 454 457 459 460 459 458 453 444 435 430 429 427 428 434 443 455 469 480 488 496 502 508 514 520 525 530 532 535 541 544 548 551 555 557 557 554 555 557 557 554 549 544 539 543 550 554 560 567 574 579 583 582 581 577 577 580 583 585 588 589 592 598 605 615 623 628 632 636 639 641 644 645 645 646 646 645 641 637
427 429 432 435 436 438 439 438 438 439 439 442 444 449 451 456 458 462 464 464 464 463 460 453 446 440 439 434 428 429 435 447 460 475 489 497 503 510 519 525 530 534 538 540 541 545 551 555 559 562 564 564 566 568 568 564 560 557 553 554 555 556 559 566 573 580 587 588 583 580 580 585 590 596 597 597 599 603 610 619 627 632 635 638 640 642 645 649 649 649 648 642 640 637
430 433 434 435 438 439 441 441 442 444 445 445 447 449 454 457 460 464 466 468 469 468 465 461 455 450 447 441 434 430 431 441 454 472 488 497 507 517 524 529 533 539 543 543 545 548 554 560 562 565 569 572 575 577 575 574 572 568 566 562 559 560 563 570 576 582 587 590 588 587 590 592 599 601 603 606 608 610 614 619 628 633 636 639 642 645 649 652 650 649 646 644 642 642
430 433 434 436 439 442 443 443 445 448 450 450 450 453 456 458 463 466 467 469 471 473 470 466 463 461 455 449 442 438 435 438 448 463 479 493 509 521 526 530 536 542 545 548 549 552 558 562 565 569 573 577 581 585 584 583 582 581 579 571 567 568 572 577 581 584 589 593 595 597 600 605 610 609 610 614 618 619 618 622 629 635 637 642 646 649 652 653 651 648 647 646 646 644
427 431 434 436 439 441 443 445 448 450 452 452 454 458 460 464 468 471 470 471 474 477 477 475 471 467 461 455 450 446 440 438 448 459 468 485 503 519 524 532 539 545 548 551 553 556 561 566 569 573 577 580 584 589 590 590 591 590 588 583 576 575 578 584 585 590 596 601 603 604 607 611 614 615 617 622 628 628 626 628 632 637 642 646 649 652 654 655 652 649 649 647 645 642
422 426 431 435 438 441 444 446 449 451 452 454 458 462 465 468 472 475 477 477 480 480 481 482 477 471 466 460 455 454 446 443 447 454 465 479 498 508 520 532 539 544 548 552 555 559 564 568 571 576 579 581 586 591 594 595 597 597 594 591 585 582 583 587 593 597 602 607 610 611 613 618 621 621 623 628 636 637 636 634 638 643 647 651 653 654 656 656 654 653 652 651 646 642
419 422 427 433 436 440 444 447 450 452 454 456 460 464 467 469 474 480 483 483 483 484 488 490 488 484 477 470 468 462 455 450 450 454 462 477 490 502 515 526 535 540 544 549 554 559 565 568 570 575 581 583 589 594 598 601 602 602 602 599 594 590 587 592 598 606 608 613 618 620 622 625 626 627 630 635 638 640 641 643 646 649 652 655 657 657 659 661 660 657 654 652 647 642
417 420 424 429 433 438 444 448 453 456 458 460 464 467 469 472 477 481 484 486 487 491 493 495 498 494 488 483 480 475 465 460 456 458 462 473 483 492 502 514 526 532 537 542 548 555 561 565 567 572 579 585 591 599 603 606 608 607 609 609 608 600 597 597 605 613 615 620 623 624 626 629 629 632 636 638 639 643 647 649 652 654 656 660 661 661 663 665 663 659 656 651 645 640
412 417 422 427 433 438 446 452 456 458 461 465 468 470 471 473 476 481 486 489 491 494 498 500 503 504 502 498 493 489 483 475 462 460 463 468 475 482 491 503 514 521 529 535 542 551 557 563 568 574 579 585 593 599 604 608 610 612 614 616 614 610 605 604 610 615 619 624 626 630 633 637 638 639 641 641 645 650 653 654 658 661 663 664 664 664 664 664 663 659 654 648 642 637
407 414 419 426 432 437 444 451 456 458 461 468 472 472 474 476 479 485 489 491 494 500 504 506 509 512 515 515 510 506 505 504 493 484 479 479 478 479 487 496 505 514 525 534 543 552 558 565 576 580 582 587 592 597 603 607 611 615 618 620 620 618 614 612 616 620 624 626 631 635 640 644 644 645 646 647 650 654 655 658 662 665 665 666 668 668 668 665 662 657 652 646 639 632
