data/jabal_hmeid.asc
ncols        614
nrows        451
xllcorner    35.237083333362
yllcorner    33.076805555552
cellsize     0.000277777778
NODATA_value -32768
[rows 294 to 335 of 451, columns 94 to 187 of 614]
454 456 456 452 449 449 447 445 444 446 451 456 457 459 459 461 465 469 473 473 470 468 469 466 462 460 462 465 470 477 483 489 496 501 505 513 519 525 529 533 538 544 549 555 561 565 568 569 569 570 572 576 580 585 590 600 606 610 613 613 616 619 622 626 630 630 630 632 634 635 637 641 646 647 648 649 650 653 659 663 665 667 668 668 668 670 670 670 668 667 664 664 663 661
459 460 460 459 456 456 451 448 448 450 453 457 460 462 464 467 470 475 477 477 477 477 475 471 466 464 464 463 466 470 477 483 488 495 504 512 519 524 528 533 538 545 553 558 563 567 571 574 578 581 583 583 585 587 589 597 605 609 613 614 618 622 625 629 631 631 633 637 640 642 644 647 649 651 653 653 654 657 661 666 668 669 670 671 673 675 676 676 674 671 670 672 673 670
463 463 463 462 462 460 458 453 450 449 454 458 461 465 467 471 475 479 482 484 485 485 481 476 471 470 469 467 466 468 473 479 485 494 503 511 518 524 530 535 540 547 556 560 564 568 575 580 584 586 586 585 586 589 592 598 603 608 611 614 618 622 625 628 631 632 636 640 644 647 648 650 653 655 657 657 658 661 664 666 669 672 673 675 678 681 682 684 683 681 679 679 681 682
462 463 464 465 464 464 462 458 450 450 452 456 461 466 470 474 476 479 485 489 490 490 487 482 478 474 473 472 468 469 473 479 486 494 503 511 519 525 532 538 543 550 558 564 567 573 579 583 585 589 591 587 587 592 598 601 604 606 610 613 616 621 625 628 632 635 638 642 646 648 649 652 656 659 660 660 661 663 665 667 669 673 675 677 682 685 686 689 690 690 687 685 687 687
461 464 466 467 468 468 467 462 455 452 451 454 458 464 470 475 478 482 487 491 491 492 491 489 487 484 480 477 474 471 474 479 485 495 505 512 518 526 533 541 548 553 560 564 569 574 580 584 589 595 596 595 594 597 602 605 607 610 613 614 617 622 626 631 634 637 640 644 648 650 652 654 657 660 660 660 664 669 669 669 671 675 678 681 686 688 688 690 692 693 693 692 694 694
464 465 467 468 469 469 467 464 460 459 456 453 457 461 465 473 478 484 489 491 492 494 495 494 494 492 487 483 477 474 475 480 487 496 507 514 520 527 536 544 550 556 562 566 570 575 582 588 594 595 596 598 600 602 605 609 610 613 618 620 621 624 630 634 637 640 643 645 647 650 652 654 657 660 662 664 668 672 674 675 677 680 683 686 690 689 690 692 694 697 699 700 699 699
466 467 468 470 470 469 467 466 466 467 463 458 456 459 463 468 475 482 487 492 493 496 497 498 498 496 492 487 482 476 477 481 489 498 507 516 522 530 536 542 548 555 563 568 572 578 584 590 594 596 597 600 603 605 610 612 611 617 621 624 627 629 632 637 638 641 645 646 647 649 652 656 659 662 665 669 672 676 679 681 684 685 688 691 693 693 693 696 699 702 703 703 704 704
468 469 469 471 472 472 470 468 470 470 468 462 459 459 462 465 472 478 483 488 492 494 496 499 500 499 497 492 488 482 478 479 485 496 507 516 525 531 535 541 547 554 563 568 572 578 584 590 595 596 598 602 604 607 612 615 617 619 622 625 628 631 636 638 640 644 648 648 650 652 655 658 661 665 668 672 675 679 684 687 688 689 691 695 697 699 701 703 705 706 707 706 708 709
470 471 472 474 476 475 474 473 473 473 472 468 464 463 463 466 469 473 477 484 490 492 495 498 499 500 500 497 491 485 479 480 487 498 507 518 525 530 535 542 549 553 561 568 574 580 586 592 596 598 601 606 608 609 613 617 620 622 624 626 628 632 637 640 642 647 650 650 653 655 659 662 665 668 672 675 678 682 687 691 692 693 694 698 703 705 706 708 710 712 712 712 711 712
471 473 474 475 478 478 478 477 477 477 479 478 477 470 467 467 466 469 473 480 487 490 493 497 498 499 502 500 496 488 482 482 486 496 507 515 521 527 533 541 549 555 563 569 575 582 588 592 596 600 604 608 609 611 614 619 621 623 625 629 629 631 636 638 642 647 650 652 654 657 661 665 668 671 675 679 682 686 691 693 696 698 699 702 705 708 711 713 716 717 717 717 717 717
471 474 476 478 480 481 482 481 481 483 484 484 483 477 476 470 467 467 469 475 481 485 489 493 495 497 499 500 497 493 488 484 487 492 499 508 517 523 529 536 545 555 563 569 576 581 586 591 598 602 605 608 607 608 613 616 618 620 624 626 628 631 633 636 641 647 650 653 654 658 664 668 670 673 676 680 684 689 692 694 697 701 703 706 707 709 713 717 719 718 719 721 722 723
474 476 478 482 482 484 486 485 485 487 488 486 482 481 480 476 470 468 470 472 476 478 482 487 490 492 496 497 497 496 492 489 490 490 495 500 508 517 522 527 537 546 555 563 571 579 583 591 597 601 604 604 603 604 609 612 613 616 618 621 625 628 631 634 639 645 649 652 655 659 666 669 673 675 677 680 685 690 693 696 699 703 706 709 708 711 716 718 718 719 721 723 725 724
477 478 483 485 486 486 488 488 487 489 491 491 488 487 486 480 473 469 469 469 471 474 478 482 484 487 493 496 495 495 493 493 493 493 493 496 500 506 514 522 529 536 545 553 561 572 580 586 592 596 598 598 596 598 603 605 608 610 612 614 617 622 626 632 637 642 647 653 656 661 666 671 674 678 679 682 687 691 694 697 701 704 709 711 711 714 717 720 721 723 725 727 728 726
476 479 484 487 488 490 490 489 490 494 497 496 495 494 492 485 477 472 470 469 470 471 475 478 481 482 487 492 492 493 493 495 499 499 497 496 497 501 505 515 522 529 534 542 551 563 573 580 585 589 591 592 592 592 594 596 597 601 604 606 609 615 622 629 635 638 644 651 655 661 666 670 674 678 681 686 691 693 696 698 702 706 710 714 715 717 721 723 725 726 729 730 728 727
474 478 484 487 490 491 491 491 494 499 499 498 498 498 494 487 483 480 476 472 473 474 476 478 478 477 480 485 488 490 493 496 501 504 502 502 502 501 502 505 511 518 526 531 536 548 558 569 576 579 581 584 586 587 589 590 590 593 596 600 605 612 618 625 630 634 639 647 652 658 663 668 673 675 679 685 691 695 698 701 704 707 711 712 715 719 722 724 727 730 732 732 730 729
477 479 484 487 490 491 492 494 498 500 501 499 500 499 497 490 487 485 481 478 478 479 480 481 478 475 478 483 487 488 491 496 499 503 505 505 508 509 509 510 511 512 518 521 525 533 542 550 558 563 568 572 580 586 592 592 595 598 602 604 609 613 619 623 627 631 636 642 648 654 658 662 668 674 679 685 691 695 698 702 705 708 711 714 715 717 722 727 730 731 733 733 733 733
479 481 484 489 491 493 495 496 499 501 502 502 503 503 499 495 490 487 483 482 484 486 488 488 486 485 486 488 487 488 491 495 499 501 501 504 510 516 520 525 523 522 522 524 529 533 539 545 551 558 565 574 582 592 599 603 606 610 612 613 617 620 623 626 629 632 636 640 645 649 654 660 664 671 678 686 690 694 697 704 706 710 714 717 717 719 724 729 732 734 734 734 735 735
479 481 485 491 494 496 495 497 499 501 503 506 507 506 505 501 496 490 485 484 486 491 494 495 497 498 500 495 491 492 494 500 503 503 501 504 509 514 520 528 532 534 535 539 543 548 551 554 560 567 574 582 591 600 608 612 617 619 619 620 624 629 633 635 636 640 641 641 644 646 651 657 662 668 674 681 687 693 695 698 703 707 712 717 720 721 726 730 733 736 737 737 738 738
479 481 485 491 495 496 497 499 501 502 504 506 509 511 512 506 501 495 490 487 490 496 499 501 502 504 505 502 502 499 500 506 510 511 508 508 512 516 521 528 532 535 541 546 551 557 562 566 570 576 583 594 601 609 615 620 624 627 627 629 634 640 642 642 642 646 648 647 647 649 651 654 659 664 669 675 683 690 694 696 699 704 711 717 720 724 727 731 733 736 738 741 742 742
481 483 486 491 493 495 497 500 503 506 507 509 513 518 519 516 508 502 495 491 492 498 504 508 510 511 511 509 508 507 506 511 518 521 519 520 524 527 530 535 535 538 542 548 555 563 572 575 580 585 593 600 607 616 622 627 632 635 636 638 641 647 650 649 649 653 655 655 655 657 657 658 660 664 668 674 680 686 692 696 701 706 712 718 721 722 726 729 730 732 737 740 743 744
484 486 489 491 492 492 496 500 504 509 511 513 517 519 520 518 513 507 499 493 492 498 507 515 521 521 519 517 516 515 514 519 524 527 530 531 537 540 543 544 545 545 546 550 555 563 572 579 585 594 601 607 613 620 626 629 635 640 643 643 646 650 654 654 655 658 659 659 661 663 664 665 668 671 675 678 682 687 691 697 703 709 713 718 720 721 725 728 728 732 736 739 742 744
488 490 492 494 494 493 495 499 505 510 514 515 518 519 519 518 515 511 503 497 495 501 510 520 526 527 526 525 526 527 524 524 526 531 535 540 547 551 554 554 557 558 556 554 557 562 569 577 585 596 605 612 616 621 625 629 634 638 643 646 649 654 657 658 661 663 664 664 666 667 670 673 676 678 679 681 685 689 692 695 702 707 712 716 718 722 726 729 731 734 737 739 742 744
492 494 495 497 498 497 497 501 506 512 514 517 520 520 520 520 518 516 510 502 501 506 516 524 530 534 534 533 535 537 535 533 534 537 542 549 558 562 564 565 567 568 568 565 562 566 571 576 583 593 605 614 617 620 625 630 634 640 644 647 651 657 661 662 665 668 669 669 670 672 676 680 680 681 683 685 688 693 697 699 704 709 712 713 717 721 727 730 732 737 738 740 743 745
496 499 499 500 502 502 502 506 511 514 515 518 521 523 522 522 522 520 514 507 506 511 519 528 536 540 542 542 543 546 546 547 549 549 551 559 566 572 574 575 575 577 579 577 575 572 575 578 583 590 601 612 617 622 628 634 639 643 647 650 653 657 660 662 665 669 672 674 674 677 681 684 685 686 690 691 693 698 700 702 706 711 713 714 718 723 728 730 732 737 740 742 744 746
501 504 504 505 505 506 509 512 515 517 517 518 522 525 525 525 526 526 521 515 511 513 520 529 537 544 547 548 551 555 559 560 559 559 562 566 572 578 582 583 584 587 590 591 588 585 581 581 583 589 597 607 616 624 630 637 643 646 650 651 653 656 660 662 666 670 675 678 681 682 687 689 690 691 694 697 698 704 706 706 710 715 718 718 721 728 731 731 732 736 741 744 744 746
503 506 507 508 510 511 516 518 519 522 522 521 526 527 529 531 532 532 530 524 518 515 519 524 533 546 553 556 559 563 565 566 566 566 567 572 579 583 588 590 591 593 597 597 595 593 591 588 588 591 595 604 617 624 630 637 642 646 651 650 651 654 660 664 668 672 676 679 683 686 689 692 692 695 700 703 707 710 710 711 714 718 722 724 727 731 734 734 733 737 743 745 747 748
505 508 509 512 514 516 519 520 522 524 525 527 531 534 535 535 536 538 538 535 525 522 520 524 531 545 557 561 564 567 568 570 574 575 575 579 584 588 591 594 596 600 603 604 604 602 601 600 598 595 596 603 610 620 626 631 635 639 642 645 646 653 661 667 669 672 676 679 682 685 689 692 696 701 705 708 711 713 714 716 719 721 725 728 732 734 734 733 734 737 743 746 747 748
507 511 514 515 517 518 519 520 522 527 529 532 536 536 539 540 541 543 546 544 539 533 529 530 535 545 554 561 566 570 572 576 581 582 582 586 589 592 594 599 602 604 608 610 611 610 610 608 607 604 602 603 607 612 618 619 623 629 632 636 644 650 660 665 669 673 677 680 682 685 689 693 698 704 707 709 712 715 717 722 725 726 728 732 735 736 735 733 734 738 741 743 744 746
510 514 516 517 519 519 519 521 527 529 532 534 536 537 538 541 545 549 551 553 552 548 544 545 544 546 553 559 567 572 576 580 584 586 590 594 596 596 600 604 607 608 612 617 617 619 619 618 613 609 605 603 604 608 611 613 616 621 626 631 641 651 657 663 668 675 678 680 683 686 690 694 699 705 707 708 712 716 718 722 725 726 728 732 734 736 735 733 735 737 739 740 742 744
511 514 516 517 521 523 524 527 530 531 531 536 539 542 544 546 552 558 561 562 561 560 560 559 555 555 557 560 564 570 574 581 586 591 596 600 601 604 606 609 612 615 619 621 622 624 628 627 621 614 610 607 605 605 609 611 613 617 623 630 638 649 657 663 668 673 676 679 683 688 691 694 698 703 706 707 711 715 717 719 722 724 726 729 730 731 732 731 732 734 736 738 739 741
513 514 516 519 520 523 527 530 533 534 536 539 543 548 551 554 560 566 569 569 569 568 568 567 565 565 564 564 566 567 573 581 587 592 598 602 606 611 615 615 618 620 622 624 627 630 633 632 627 621 616 612 610 609 611 615 617 620 629 634 641 651 658 663 667 670 672 676 682 686 689 689 693 698 704 707 710 713 716 717 720 721 723 725 725 725 726 727 728 730 731 733 735 733
514 515 519 523 523 527 530 532 536 539 541 544 548 553 557 560 564 570 575 579 577 578 577 575 578 576 575 573 571 573 577 581 588 592 597 605 610 616 619 620 621 624 627 630 633 637 639 638 633 627 621 621 621 620 620 623 625 630 635 640 646 653 659 663 666 669 673 676 681 685 687 689 691 696 701 703 706 710 713 715 716 716 716 719 719 720 721 723 725 727 729 728 727 725
516 517 520 524 527 530 533 535 539 543 544 546 551 556 562 566 570 575 580 583 584 585 584 584 585 586 586 584 582 584 583 584 587 591 597 605 612 616 618 620 622 626 631 634 637 640 644 643 639 633 630 630 631 630 631 633 639 644 645 647 651 655 660 663 666 670 673 675 679 684 687 689 690 694 697 698 702 705 708 709 710 710 711 713 713 713 715 717 719 724 723 721 720 719
515 517 520 524 527 530 532 535 540 544 547 552 556 561 567 572 575 578 583 587 591 592 591 591 591 592 592 590 593 595 593 589 589 592 594 600 607 611 614 619 622 625 629 635 639 645 649 648 647 642 640 640 641 641 641 645 649 653 652 653 655 658 661 664 666 669 671 672 674 677 681 684 686 688 690 693 695 699 700 703 705 707 707 708 709 709 710 711 714 717 718 715 714 711
513 517 520 522 527 530 532 535 539 544 550 556 561 564 569 575 579 582 585 590 597 596 597 594 596 598 599 598 600 603 600 599 599 596 594 596 601 604 609 614 620 622 626 633 638 645 650 653 652 651 649 650 651 650 649 649 653 656 656 656 657 660 661 662 664 666 667 668 670 672 675 678 680 681 683 685 689 692 694 696 700 702 702 701 705 706 707 708 709 711 711 709 706 703
513 517 518 521 525 529 532 535 539 544 550 558 563 568 573 577 580 583 587 592 594 594 594 596 599 603 606 608 609 609 610 611 608 604 599 598 599 600 604 609 614 619 624 631 638 645 649 652 655 654 653 652 653 652 652 653 654 656 657 657 658 660 660 658 659 662 663 664 664 666 667 670 673 674 676 679 683 686 689 691 694 697 697 698 700 703 705 705 705 706 707 704 698 695
509 514 517 520 524 527 532 537 541 545 550 557 562 568 572 575 578 582 587 590 590 590 592 595 597 599 604 609 611 614 615 617 618 613 608 606 603 602 604 607 612 616 622 628 636 643 649 654 655 655 654 653 653 653 654 654 655 654 655 657 659 659 658 656 658 660 659 655 656 657 659 660 662 665 669 672 677 680 683 685 689 690 692 693 695 698 702 702 703 703 702 699 691 682
505 510 514 521 524 526 530 535 540 544 550 556 559 563 568 572 574 579 583 586 587 588 588 590 592 593 597 603 611 615 618 622 626 623 616 613 609 609 612 614 616 619 622 628 633 641 648 652 654 653 653 652 653 653 653 653 652 652 652 655 658 658 656 655 655 654 650 646 646 647 647 647 649 654 658 665 671 674 678 681 683 685 686 690 692 693 696 698 698 697 696 689 676 669
501 506 512 517 521 524 526 530 535 540 546 552 555 558 563 567 570 574 577 578 578 579 582 584 587 591 595 602 609 615 619 624 628 628 625 621 619 619 621 624 624 622 627 632 636 640 646 649 650 649 649 650 651 651 651 651 651 650 652 654 655 655 656 654 651 645 641 637 632 631 632 635 639 646 655 660 665 670 674 678 682 683 684 687 690 690 692 693 692 690 686 676 668 661
497 502 507 511 515 517 521 524 529 535 539 545 548 551 555 560 565 567 568 569 571 573 576 580 585 591 596 602 609 615 621 627 632 633 630 627 625 623 626 631 632 633 636 640 641 642 645 648 648 647 648 649 648 646 647 649 650 651 651 649 650 651 652 649 644 639 631 625 622 620 627 630 636 643 653 659 663 667 672 676 681 684 684 685 687 688 687 686 683 680 670 663 659 656
490 495 500 503 507 509 513 518 524 530 534 539 542 545 549 555 559 562 562 565 568 572 576 580 585 593 600 604 611 618 625 631 634 636 634 633 629 625 628 632 636 639 642 644 644 643 645 647 647 647 646 646 644 643 643 644 646 647 645 642 641 641 640 638 631 621 615 613 615 622 629 637 645 654 660 662 666 672 676 678 680 683 681 682 683 682 680 677 673 665 659 655 653 648
489 491 494 499 502 505 509 515 522 527 532 537 542 544 548 553 559 564 568 570 574 576 581 584 588 593 599 603 609 616 623 629 633 637 639 640 635 629 629 630 635 637 641 645 645 645 645 646 647 646 644 643 641 639 638 638 639 638 634 631 629 626 624 618 611 606 605 610 620 631 637 647 656 662 664 666 670 676 679 679 679 679 678 676 675 674 671 669 664 658 654 650 647 645
