data/jabal_hmeid.asc
ncols        614
nrows        451
xllcorner    35.237083333362
yllcorner    33.076805555552
cellsize     0.000277777778
NODATA_value -32768
[rows 210 to 251 of 451, columns 376 to 469 of 614]
488 485 477 471 468 470 479 493 504 511 516 516 517 513 505 496 491 486 484 482 480 479 480 482 485 488 490 492 500 512 524 534 544 554 564 572 577 582 585 588 590 594 596 598 601 604 606 608 609 609 607 605 605 607 609 613 614 616 618 624 629 635 642 644 648 656 662 668 675 680 685 690 694 695 695 697 697 698 697 694 691 687 682 678 673 667 662 661 661 660 660 659 658 653
485 477 472 469 468 474 484 496 507 519 527 528 527 527 518 510 502 496 491 484 480 477 478 482 488 493 498 503 512 523 534 543 551 560 569 578 583 586 589 592 595 598 601 604 608 608 611 611 613 616 615 616 617 618 618 619 623 625 627 631 634 641 646 648 652 657 664 672 678 683 687 691 695 695 696 697 698 699 699 695 691 687 683 679 675 669 663 658 655 653 652 651 646 641
480 472 468 468 471 479 492 504 515 526 533 536 535 534 530 522 513 507 499 489 481 478 478 482 489 496 503 513 523 534 545 552 559 567 577 584 587 590 594 598 601 603 606 610 612 611 612 614 617 621 623 624 625 623 623 625 630 635 636 636 638 643 647 653 657 660 667 674 679 683 690 695 697 698 697 699 700 700 699 696 691 687 683 679 674 669 661 656 651 645 644 644 641 636
474 467 465 467 470 482 500 514 524 533 540 544 546 542 537 529 518 511 503 496 488 484 481 483 487 495 505 514 527 542 553 560 568 574 581 589 592 594 598 602 604 607 610 614 616 616 617 619 624 627 628 628 627 627 627 629 634 639 641 643 644 645 650 656 660 665 671 676 679 684 690 696 698 699 699 700 700 700 698 694 689 686 682 676 671 665 657 652 647 642 639 638 637 633
470 466 464 466 470 488 509 524 530 537 544 552 555 553 549 540 527 518 511 503 496 490 485 480 483 492 503 511 529 544 555 563 570 578 586 594 598 601 602 605 609 611 614 617 620 622 623 625 627 630 632 631 632 630 630 633 638 642 646 649 649 650 652 657 664 669 674 678 681 684 689 693 696 697 699 699 699 698 695 692 687 682 678 672 667 661 653 647 643 639 634 631 630 626
465 467 468 480 490 503 521 532 538 543 550 558 562 562 560 555 545 534 524 511 503 494 486 481 481 489 502 512 525 542 553 562 572 580 589 596 602 605 609 613 615 617 618 620 623 625 628 631 632 634 635 635 636 635 636 638 643 646 649 652 653 654 657 662 664 669 675 678 680 683 687 691 693 695 697 698 697 695 692 688 684 678 672 667 663 657 650 645 640 635 631 627 625 622
466 474 483 493 503 517 528 539 545 549 557 563 566 568 567 564 559 548 533 523 511 500 492 484 482 488 500 511 522 536 551 563 572 580 588 599 605 610 614 616 618 619 621 624 625 627 631 636 638 640 640 640 641 641 642 644 647 650 653 654 657 660 666 667 667 670 674 677 680 682 685 687 691 692 692 693 693 690 687 683 680 674 667 662 658 653 647 640 636 632 629 625 622 620
475 485 494 503 514 526 536 545 553 560 565 569 572 572 571 567 562 552 540 532 521 508 498 491 484 487 495 507 521 534 550 563 572 580 589 599 608 613 616 618 619 620 624 628 629 631 635 638 641 642 642 644 646 648 647 648 650 651 656 658 660 663 666 669 671 673 676 679 681 682 682 682 685 687 688 689 687 685 683 679 675 670 664 660 655 649 643 637 632 629 626 623 618 617
484 495 503 513 523 532 541 550 560 566 571 576 579 580 578 571 565 557 549 542 527 511 500 492 485 486 493 506 522 536 548 561 572 580 588 599 608 614 619 620 621 622 627 630 632 634 636 638 640 643 644 645 649 652 652 652 653 655 658 661 662 664 666 670 672 674 676 678 679 680 680 680 681 683 684 683 682 680 677 675 670 665 661 657 652 646 639 634 629 627 624 621 619 617
495 505 514 521 527 536 546 555 563 569 574 578 584 585 584 578 573 567 562 549 532 514 503 493 487 489 494 508 525 538 547 559 570 582 592 601 608 614 619 621 623 625 629 633 634 634 635 637 640 643 644 646 649 653 653 655 657 658 661 663 665 667 668 668 670 672 674 675 676 678 678 678 677 677 679 679 677 674 672 670 667 662 657 654 647 640 634 629 625 622 621 620 618 616
502 512 518 523 530 539 549 556 563 568 573 575 580 584 584 581 577 574 564 552 532 516 503 491 487 489 496 509 525 536 547 557 569 584 594 602 608 612 617 620 624 627 630 633 634 635 636 638 641 645 646 646 649 651 652 655 657 659 660 662 665 667 668 667 669 671 673 673 673 673 674 673 673 673 673 672 671 668 667 666 662 659 654 649 644 638 632 628 624 621 618 617 615 612
504 515 520 525 532 542 550 556 561 566 572 575 580 583 584 583 581 579 570 555 537 521 508 491 488 488 497 509 522 535 546 558 571 583 593 600 606 613 617 620 625 627 629 632 635 635 636 639 643 646 647 647 649 650 651 653 656 658 660 661 663 666 667 667 668 670 671 670 669 669 669 669 667 668 668 666 664 662 663 662 659 654 649 645 641 637 632 629 625 622 618 615 612 609
505 515 522 528 535 541 549 554 560 566 572 577 581 583 585 586 585 582 572 560 543 528 510 491 488 490 498 508 520 531 544 556 568 580 589 598 607 614 618 621 624 627 631 634 636 636 637 640 643 645 646 647 648 649 651 652 655 657 660 661 661 663 665 665 666 667 666 666 664 664 666 666 665 663 662 660 657 657 658 657 653 648 644 640 637 634 630 626 623 621 617 613 608 605
511 518 524 530 536 543 548 553 559 566 571 576 582 584 585 586 584 579 572 566 551 531 512 497 489 490 497 506 517 528 541 555 569 578 586 597 606 612 617 619 624 629 633 636 638 637 639 641 644 644 644 645 645 648 650 651 651 654 656 658 659 659 660 662 664 664 663 663 663 662 661 661 660 659 658 656 652 650 650 647 643 640 638 634 631 628 624 621 620 617 614 610 606 604
518 521 527 533 538 544 550 554 559 565 570 576 581 583 584 584 582 577 573 566 551 533 516 504 492 490 493 502 513 522 534 548 561 571 580 592 604 612 617 621 625 628 632 636 637 637 639 642 643 644 644 643 643 645 647 647 647 650 652 654 655 655 657 659 660 661 660 661 662 661 656 655 655 654 653 650 646 642 642 640 636 633 631 628 626 624 620 617 616 614 610 608 604 602
522 526 531 536 540 545 552 557 561 566 572 576 580 582 584 584 582 578 575 569 559 544 526 512 500 492 490 497 507 514 524 537 551 564 575 586 597 609 616 619 623 626 630 634 635 635 637 640 642 644 644 643 641 643 643 644 646 648 650 651 652 653 654 655 655 655 656 657 658 656 652 651 651 649 646 643 639 636 635 634 630 629 626 623 621 618 616 615 613 610 608 605 602 599
526 529 533 539 544 550 555 561 565 568 574 579 582 583 585 586 584 582 578 572 563 550 529 519 510 497 492 488 494 501 509 518 533 550 563 575 586 600 609 615 619 624 628 631 633 634 635 637 642 644 644 643 640 640 641 642 643 644 647 648 648 649 650 651 651 651 652 653 651 649 645 645 644 642 639 635 632 630 628 627 625 623 622 619 616 614 614 613 609 607 604 602 597 593
528 533 537 543 549 555 560 566 570 573 576 581 584 585 587 588 587 585 581 576 566 554 537 527 518 506 496 488 487 490 497 509 524 538 550 566 579 590 601 608 613 618 623 626 628 631 632 637 642 644 643 642 640 640 639 638 640 642 643 643 643 645 647 648 648 648 646 646 644 642 639 637 635 634 632 629 625 622 620 619 617 617 618 616 612 611 610 610 607 601 599 594 590 588
531 536 540 544 550 556 562 569 573 576 579 581 585 589 590 589 591 591 589 584 575 563 548 535 524 514 504 494 487 488 492 500 516 526 540 557 572 584 594 601 606 612 617 621 624 626 629 634 638 639 639 638 638 637 636 637 638 640 640 639 640 642 643 643 644 644 643 642 642 638 636 634 629 627 625 623 619 614 610 610 611 611 611 610 606 604 605 604 601 598 594 588 585 582
533 537 541 544 550 554 560 566 571 576 579 580 585 591 592 592 593 594 592 589 584 574 560 548 538 529 514 503 493 487 484 491 502 516 527 544 561 575 585 594 602 606 609 616 621 623 625 630 634 636 635 635 634 633 633 634 635 638 638 638 639 639 639 639 639 640 639 638 636 633 632 627 623 621 619 616 612 608 605 604 605 605 605 604 602 602 601 599 597 594 590 585 581 576
531 537 540 545 548 553 557 564 569 575 578 581 585 589 591 591 594 594 594 593 591 582 570 559 550 543 532 516 503 489 481 485 493 503 515 531 548 562 575 587 596 600 603 610 617 621 624 628 630 632 631 629 627 627 628 630 632 634 635 636 636 636 635 635 635 637 636 634 631 629 626 622 619 616 612 608 606 605 602 600 600 600 601 600 599 598 597 595 592 590 587 583 578 574
528 532 538 543 547 550 554 562 567 572 577 582 585 587 588 592 593 595 595 594 591 585 577 567 557 548 542 527 512 499 488 485 489 497 510 521 535 551 561 572 585 593 598 604 611 618 622 624 626 626 625 623 623 623 624 627 629 629 632 632 632 629 631 631 631 630 630 629 627 624 620 616 612 609 606 602 600 599 596 595 594 595 595 595 594 594 593 590 587 586 583 580 575 570
523 527 532 538 543 548 554 560 565 571 577 583 587 589 591 593 594 595 596 596 593 588 580 571 562 554 545 534 524 513 499 492 492 495 504 515 530 540 551 562 572 585 592 599 606 613 617 619 620 620 619 619 619 618 618 621 623 626 629 631 629 625 625 628 627 625 623 624 622 619 617 612 608 605 603 598 593 590 588 586 587 588 589 589 588 587 584 583 581 579 577 574 569 564
518 522 527 534 541 548 554 560 565 570 577 581 585 590 593 594 595 597 598 598 596 591 584 577 569 561 552 544 534 526 513 496 493 490 496 506 517 527 536 550 562 573 585 594 600 605 608 610 611 612 612 612 610 609 610 614 617 622 626 627 624 620 620 622 623 619 617 618 616 615 614 611 605 602 600 595 589 585 581 581 581 582 583 583 581 578 577 575 573 572 570 567 564 561
516 520 526 531 540 548 554 559 564 570 575 579 583 588 592 593 595 597 599 599 598 595 590 586 580 572 564 553 545 537 526 506 490 486 488 495 504 513 526 539 553 564 573 581 589 594 597 598 599 600 601 600 600 600 603 608 612 614 619 620 617 615 613 616 617 615 614 614 612 610 609 605 599 595 593 590 587 581 579 578 579 577 577 577 576 574 572 569 569 567 565 563 560 560
517 520 525 531 538 545 551 558 564 569 576 580 583 587 590 592 594 596 598 600 601 600 598 595 589 581 573 563 554 544 533 510 497 488 487 491 495 505 516 529 540 552 557 561 567 572 575 579 583 583 585 588 589 589 593 600 605 608 610 611 610 606 606 607 606 605 606 606 605 603 601 598 593 589 587 585 582 579 576 576 575 574 572 572 570 568 565 564 563 562 558 557 556 559
525 526 528 532 538 542 548 556 562 567 575 582 583 586 590 592 595 597 598 600 603 603 603 598 592 586 580 570 561 552 544 527 511 498 492 492 490 494 502 513 522 534 538 538 546 551 552 555 560 562 564 571 574 577 582 590 596 599 599 598 595 593 592 593 592 595 595 596 596 595 594 592 588 585 583 581 578 574 572 572 571 570 569 567 565 561 557 556 554 552 552 553 557 560
536 536 536 538 538 541 546 553 558 563 572 578 581 584 589 592 596 598 600 601 603 604 604 602 596 592 586 579 570 562 553 538 521 507 501 497 494 491 494 501 505 515 518 522 526 533 537 542 546 547 549 552 558 565 572 578 583 586 585 582 578 573 573 575 579 582 583 586 589 589 587 585 583 580 576 573 570 567 566 567 566 566 564 561 558 555 551 549 550 551 554 556 558 562
542 542 544 543 543 542 547 552 555 559 566 575 579 583 587 590 594 598 601 602 604 606 608 607 604 602 597 589 580 571 561 547 532 519 512 506 500 495 493 494 497 500 502 506 511 515 521 523 525 528 531 536 541 548 556 562 566 569 567 564 560 557 557 559 561 566 570 575 579 580 580 580 576 572 568 565 563 562 561 561 561 559 554 551 550 548 547 548 553 558 560 560 563 566
549 548 548 548 549 550 552 554 557 560 566 573 577 581 586 588 592 597 600 602 604 608 611 614 614 612 608 603 593 583 576 562 543 528 519 513 507 502 499 497 495 495 496 498 500 503 502 498 501 505 511 518 525 533 540 544 546 548 548 545 543 541 542 544 545 549 556 563 566 568 572 572 570 566 562 559 557 555 554 553 550 547 545 545 546 548 551 555 560 564 564 566 568 569
552 551 552 554 557 560 559 560 562 566 569 571 574 579 584 588 592 597 602 604 607 610 613 617 619 618 614 610 602 594 584 569 553 540 529 521 514 509 506 503 499 498 498 497 497 496 494 493 495 497 497 500 504 513 519 524 530 530 528 529 530 527 522 526 530 533 539 546 552 555 557 560 561 557 554 550 549 548 546 544 540 540 542 547 551 553 555 558 561 564 565 567 570 570
554 555 558 562 565 566 564 564 566 570 573 572 570 575 582 588 594 599 603 608 610 612 616 619 622 622 622 618 609 599 588 575 561 549 538 528 518 513 510 507 503 502 502 502 501 502 500 499 495 494 493 492 495 501 507 511 514 517 515 513 513 510 510 512 516 521 525 531 537 541 544 547 547 545 542 540 539 540 539 537 536 540 546 552 556 555 555 556 560 562 565 568 570 571
555 557 563 567 569 570 571 569 571 577 578 576 573 576 583 589 595 600 604 609 612 614 619 624 626 628 629 628 622 610 597 583 569 555 546 537 528 522 519 515 512 509 510 510 512 513 513 513 508 496 493 493 493 498 504 506 507 508 508 504 503 506 510 513 517 518 519 521 526 530 533 534 535 533 533 531 533 534 538 539 543 547 551 557 557 557 557 558 560 563 566 568 570 572
553 556 562 567 571 572 576 576 579 584 586 583 581 582 585 589 594 601 607 610 613 616 623 627 629 630 632 633 629 624 613 597 576 569 562 555 545 535 528 526 522 521 522 523 524 527 528 530 524 513 503 496 496 499 503 505 504 508 510 510 511 515 526 534 532 527 522 520 523 526 526 524 526 528 530 532 534 539 545 550 552 555 556 558 560 561 560 561 561 564 566 567 570 571
554 555 561 566 569 573 577 580 582 585 587 588 588 586 588 590 594 601 607 611 615 621 627 632 633 635 636 638 636 634 627 615 598 585 580 569 561 551 546 542 536 534 538 542 544 541 543 543 536 525 513 506 503 501 502 505 508 513 520 527 532 535 547 551 547 539 534 532 534 536 534 533 530 533 539 542 544 547 552 556 559 559 560 561 562 562 561 560 562 563 564 566 568 569
560 558 561 563 567 571 575 579 583 586 591 593 593 592 591 593 596 603 609 613 617 623 630 635 637 640 644 646 644 640 634 628 618 607 597 585 575 566 561 558 557 558 560 562 562 561 558 554 547 539 524 514 507 501 501 505 508 515 527 542 550 554 561 562 558 552 551 551 550 549 548 548 548 547 549 549 549 552 557 561 561 562 562 563 563 562 560 562 563 565 566 568 570 572
568 568 566 565 566 570 574 578 584 590 594 598 599 598 598 600 602 606 610 613 617 622 630 636 639 644 649 651 650 648 642 639 634 626 618 611 602 594 590 584 577 577 580 582 580 578 573 566 558 548 531 518 510 502 501 502 508 518 535 551 562 570 576 576 574 570 567 566 564 561 559 558 555 553 552 551 552 556 560 561 561 562 564 565 564 563 562 564 566 568 568 567 571 574
574 574 572 569 569 572 575 579 585 591 596 600 602 604 604 606 606 606 612 614 616 623 629 635 640 647 653 657 658 658 653 647 643 637 632 627 622 616 609 603 597 596 598 599 598 596 589 574 563 551 535 522 513 503 500 503 510 527 542 556 566 574 581 585 585 582 578 576 573 569 566 565 562 557 555 555 556 557 560 562 563 565 567 568 568 567 567 568 568 568 569 568 570 573
576 577 576 574 574 576 578 582 587 593 596 600 603 606 608 610 611 614 618 618 620 623 629 635 640 645 653 659 662 665 664 660 657 653 646 639 636 629 623 621 617 616 616 613 609 603 600 586 571 554 540 530 517 506 501 503 512 525 540 557 566 573 581 589 590 588 586 583 578 575 572 570 565 560 557 559 560 560 562 565 567 570 571 570 570 571 570 570 571 572 571 571 570 572
578 579 580 580 581 582 582 584 590 594 598 601 605 608 612 616 616 620 622 624 625 628 634 639 642 646 651 660 665 670 674 673 672 667 659 657 652 641 639 637 634 632 629 626 620 616 610 598 578 556 541 530 519 504 500 502 509 522 538 552 564 575 585 593 592 591 591 587 582 578 575 571 567 562 559 563 564 563 564 567 570 572 572 571 572 572 572 573 575 574 575 574 574 575
581 584 585 586 587 588 587 590 592 595 599 604 609 612 617 620 622 622 625 629 631 636 642 646 649 649 654 661 667 671 676 678 677 674 671 668 664 661 655 650 646 643 642 639 633 626 615 599 582 564 544 532 521 511 504 502 507 518 533 545 558 572 585 590 591 592 591 586 581 578 573 570 567 564 564 564 567 566 567 570 573 573 572 572 573 575 575 577 579 579 578 579 580 581
583 585 588 591 592 592 592 592 594 597 601 606 611 618 622 623 625 627 631 634 638 643 648 652 654 655 654 658 664 671 677 682 682 682 679 678 676 675 670 660 658 656 655 650 644 633 619 604 588 569 551 538 529 518 511 506 506 513 524 537 555 572 579 585 588 588 588 583 580 576 573 570 568 566 565 567 569 570 572 575 577 578 577 576 577 577 580 582 584 584 583 582 584 584
