data/jabal_hmeid.asc
ncols        614
nrows        451
xllcorner    35.237083333362
yllcorner    33.076805555552
cellsize     0.000277777778
NODATA_value -32768
[rows 0 to 41 of 451, columns 282 to 375 of 614]
340 344 349 354 358 361 363 365 370 375 379 383 385 387 388 386 383 383 378 370 365 362 357 352 349 346 341 337 335 333 334 333 333 334 335 335 336 339 343 344 344 344 344 346 345 344 343 343 347 349 349 348 347 348 349 350 353 355 358 362 366 366 369 376 378 379 380 381 385 388 390 392 394 395 394 393 391 390 387 386 384 382 377 376 366 357 348 343 333 321 315 312 318 331
333 337 342 347 352 355 358 361 366 373 379 382 384 386 386 384 381 378 371 363 356 352 347 344 342 337 331 328 326 329 331 332 332 335 337 334 333 333 336 338 338 336 337 340 343 345 345 347 349 351 350 350 351 352 349 348 351 354 356 358 359 361 364 369 373 374 377 380 383 387 389 392 394 396 398 397 395 393 392 392 390 387 384 381 375 368 361 352 340 325 315 310 313 324
324 328 333 338 343 348 353 357 363 369 376 380 383 384 384 380 377 371 364 355 347 340 337 336 332 328 326 326 327 330 334 338 340 342 342 339 333 333 332 334 335 335 335 340 345 347 349 352 354 354 355 356 356 356 354 354 354 356 356 356 356 357 360 363 363 369 376 379 381 385 387 390 393 395 397 399 398 395 394 395 393 389 387 385 382 378 370 357 344 330 318 309 308 319
310 317 320 325 330 337 345 355 362 367 374 379 381 382 379 376 372 365 356 346 339 334 330 328 330 333 337 337 337 340 345 349 354 352 350 347 344 337 336 334 336 337 339 342 347 350 353 357 359 358 359 360 359 360 360 360 361 360 359 359 357 357 357 358 359 364 369 375 379 382 387 388 391 395 398 400 398 396 395 394 393 391 388 386 383 379 372 362 350 338 321 312 308 313
292 297 306 314 319 329 340 351 359 368 375 380 380 378 375 371 365 356 344 338 331 326 324 329 338 347 351 351 352 358 361 367 368 366 362 358 353 347 342 338 340 341 340 344 349 353 357 360 361 361 363 363 363 364 366 367 367 365 364 363 362 358 357 357 357 361 364 367 369 376 380 385 389 393 398 399 399 398 396 395 394 393 390 386 382 378 373 366 358 346 329 314 311 311
281 286 294 303 311 323 336 347 357 366 373 376 376 374 368 362 353 341 334 329 323 325 330 335 344 355 365 368 372 376 377 378 380 380 375 368 363 355 350 345 346 344 342 344 348 353 357 358 360 364 366 368 370 371 374 375 373 370 369 368 366 364 363 359 360 361 362 361 364 369 376 379 384 389 393 397 399 399 398 397 396 395 392 387 383 381 377 368 362 352 333 319 312 309
279 281 285 293 303 318 332 343 353 361 367 369 369 367 362 354 344 337 330 325 322 328 337 346 354 364 377 381 384 385 386 386 388 391 385 376 370 363 358 354 349 346 342 344 348 350 353 356 359 363 366 369 373 374 377 378 376 374 373 371 371 370 367 364 363 364 363 362 363 367 371 374 379 384 388 393 395 398 399 398 397 395 395 390 387 386 384 379 369 358 338 324 313 310
288 288 284 288 297 313 327 337 345 355 361 360 358 356 352 346 340 333 327 322 323 328 344 355 363 372 381 386 388 394 394 393 394 395 391 381 375 368 362 358 353 348 343 342 345 346 349 353 357 361 365 369 372 374 377 380 378 376 376 375 375 375 372 368 369 368 366 365 364 365 369 372 376 381 386 388 391 394 397 398 398 397 398 396 393 391 390 385 379 366 352 336 320 314
298 293 288 284 293 306 321 332 341 349 353 350 347 346 342 337 330 324 319 317 321 327 343 356 362 371 382 387 392 398 400 398 397 396 394 385 377 370 363 359 356 352 347 346 347 348 349 354 359 363 367 371 375 376 379 382 382 380 379 379 379 379 377 377 374 374 372 371 368 367 369 371 375 379 383 387 390 394 397 401 401 401 402 400 397 395 393 389 385 376 361 349 334 323
311 301 290 285 292 301 313 325 332 338 341 338 338 335 330 324 320 316 313 313 318 326 337 347 356 367 379 385 390 397 400 401 398 395 392 387 379 373 367 362 360 358 354 354 355 356 357 360 362 364 368 373 376 379 382 385 387 386 386 385 384 384 384 383 381 379 379 377 374 371 370 372 375 378 381 386 391 394 398 401 403 403 404 403 400 399 398 396 393 384 372 359 346 329
325 314 301 293 292 296 303 314 319 322 324 325 325 324 318 314 311 308 308 309 314 319 328 339 349 360 374 380 386 391 397 397 395 392 389 385 381 375 370 368 366 364 360 358 359 361 365 367 366 368 370 372 374 379 383 386 388 390 390 390 389 388 389 389 385 384 383 382 379 376 374 373 375 377 379 384 389 391 395 400 403 405 406 406 405 406 403 401 395 388 379 367 360 332
335 322 306 294 288 291 298 305 308 309 311 312 311 310 309 305 305 306 308 311 312 316 323 333 339 349 362 371 378 383 387 389 389 388 386 384 381 378 374 373 373 371 366 363 363 368 371 372 373 376 378 378 379 383 386 388 390 392 393 393 391 390 392 392 389 385 385 385 383 381 377 373 373 375 378 382 387 391 394 398 404 407 407 408 409 410 408 405 399 391 380 368 354 332
336 320 305 294 287 288 293 298 299 301 303 304 303 304 305 306 310 318 322 322 320 321 322 327 332 338 351 359 368 374 378 382 382 382 381 381 379 377 374 374 376 377 373 371 372 376 376 376 379 382 385 385 386 386 387 390 393 396 396 394 392 391 392 393 392 392 390 389 388 384 379 374 373 374 377 381 386 390 394 398 404 406 409 411 412 413 412 408 400 394 385 372 356 335
328 314 303 295 290 292 296 298 299 300 301 304 305 308 311 317 322 329 333 336 332 328 326 325 327 332 340 349 358 366 371 375 377 377 377 376 375 375 374 375 377 378 376 375 378 380 380 379 382 384 388 388 388 388 389 392 395 397 397 395 394 393 394 395 396 397 397 395 392 388 383 379 374 373 375 379 383 389 394 400 405 407 410 412 412 414 414 409 400 392 385 369 351 334
326 316 305 297 296 298 304 305 304 306 308 309 313 318 324 326 328 336 345 347 345 343 339 333 328 327 336 344 351 357 363 369 371 371 371 372 373 374 374 375 376 377 377 377 378 382 381 383 386 389 390 390 390 389 391 394 396 397 397 396 396 396 397 398 399 400 400 397 395 390 385 381 378 377 377 379 381 386 392 400 406 409 412 413 413 414 415 410 404 394 386 372 348 336
325 314 305 298 298 305 309 310 315 316 320 322 325 329 335 337 341 352 359 361 361 358 353 343 333 330 333 340 346 352 358 362 364 365 368 370 372 372 373 374 375 376 377 377 379 383 386 389 391 393 392 392 392 392 392 395 397 398 398 398 398 400 401 401 401 401 400 398 396 393 389 388 386 384 382 380 382 386 392 399 406 409 413 415 416 416 414 410 401 394 385 366 351 334
322 314 305 299 301 306 312 317 326 330 332 337 338 341 344 349 357 368 377 379 377 372 364 353 343 338 333 336 341 346 350 354 355 358 363 366 368 369 373 373 375 377 378 378 381 386 389 392 393 392 393 394 395 395 394 396 399 400 400 400 400 402 402 402 403 402 400 401 401 398 395 394 393 391 387 382 381 387 392 398 402 409 413 415 416 417 415 407 398 393 385 364 343 333
323 314 306 302 304 310 316 322 333 338 343 347 348 349 355 362 368 381 390 392 388 381 372 359 348 340 335 334 338 342 345 348 351 353 357 361 364 367 371 374 377 379 380 381 384 388 390 391 392 393 394 395 396 397 397 399 400 401 401 403 404 405 406 405 405 405 403 403 404 402 399 397 396 394 390 385 381 383 390 394 400 408 413 414 415 416 413 406 400 395 383 363 347 340
327 316 307 305 310 318 324 332 344 350 354 359 362 363 368 376 383 390 395 396 391 384 376 363 350 341 335 334 337 340 342 345 348 351 355 358 362 366 370 376 378 379 380 382 385 388 390 393 394 394 394 395 396 397 399 401 402 401 403 405 408 409 409 406 406 406 406 406 406 404 402 401 401 397 392 387 383 382 385 390 399 406 412 413 414 415 413 408 403 397 386 370 358 351
334 320 312 311 316 325 333 341 351 360 365 371 375 378 382 386 391 393 395 396 389 381 373 363 353 344 339 338 337 339 343 346 348 353 356 359 362 365 370 374 378 381 380 381 384 386 390 393 395 394 394 394 396 397 399 402 402 403 403 405 407 407 407 406 407 408 408 408 408 406 404 404 404 401 396 391 388 387 386 392 399 405 409 411 412 414 412 410 405 397 389 379 372 368
340 328 318 314 318 324 333 344 357 367 375 380 386 389 391 393 395 395 395 393 388 379 371 362 352 344 340 341 339 340 345 349 352 356 358 360 364 369 371 375 380 381 382 383 384 386 390 393 393 394 394 394 396 398 400 402 404 405 406 406 406 405 405 406 408 409 409 409 409 408 406 406 405 404 401 398 395 393 393 395 399 404 407 410 412 413 413 411 407 401 392 386 384 382
346 332 325 316 318 325 335 347 361 373 381 389 394 396 394 393 393 395 394 391 384 378 371 362 352 344 341 341 340 341 345 352 357 359 361 364 369 373 374 375 377 381 383 385 386 388 390 392 392 394 396 396 397 399 401 401 403 405 406 405 405 405 404 406 407 408 407 408 409 410 409 408 408 407 405 403 400 396 396 397 401 403 405 408 411 413 413 412 408 402 396 393 393 397
353 345 333 323 319 324 336 347 358 369 379 387 393 394 395 395 392 393 390 386 381 375 370 362 353 347 340 340 340 343 348 353 358 361 363 366 370 373 372 372 375 378 381 385 387 387 388 390 393 394 397 398 398 398 399 400 401 403 403 403 405 406 406 406 407 407 407 408 410 411 411 410 410 408 405 404 401 397 396 396 398 400 403 407 410 412 413 413 412 406 401 401 404 407
360 353 343 332 323 326 334 342 349 359 365 376 385 392 397 398 395 390 385 381 378 375 369 361 355 347 340 338 341 344 347 351 356 359 362 365 368 371 372 372 374 376 379 383 386 386 387 389 392 393 394 396 397 397 398 399 401 402 402 403 405 408 408 407 407 407 409 410 411 413 413 413 412 409 408 406 402 398 396 396 397 399 404 408 411 414 415 415 415 412 408 410 413 415
363 355 348 338 329 323 329 337 344 352 362 371 379 389 396 397 395 389 383 380 377 373 368 362 357 350 342 339 340 342 345 349 353 357 359 362 365 366 368 371 371 372 376 380 383 384 385 387 391 391 393 395 396 396 397 399 401 402 401 402 405 407 408 408 407 407 410 412 413 414 415 415 413 411 409 408 403 398 398 399 398 399 405 409 413 416 419 418 418 415 414 417 421 423
369 360 351 343 333 326 327 332 339 349 358 367 377 386 391 393 392 388 383 379 376 372 366 363 361 354 345 343 343 342 344 347 351 353 355 358 360 360 363 366 368 368 372 376 379 382 383 385 388 391 393 394 395 395 397 399 401 401 401 401 403 405 408 409 408 409 412 413 413 414 416 416 413 411 410 408 406 401 400 400 399 400 405 409 412 417 421 421 421 420 422 425 427 429
371 364 356 349 338 331 328 330 336 344 353 359 368 377 380 387 388 387 383 381 379 374 369 365 360 356 351 350 350 348 346 348 350 351 353 356 356 357 359 363 364 365 367 371 374 378 380 383 386 390 392 392 393 394 396 398 400 400 400 401 403 404 407 410 410 411 413 413 413 414 417 416 414 412 411 412 409 407 403 400 398 400 405 409 412 417 421 424 425 426 428 430 432 432
378 372 364 356 347 341 335 333 335 340 345 352 360 368 374 379 384 385 385 383 379 375 371 368 365 359 356 355 355 354 350 351 352 353 355 354 355 358 360 362 363 364 365 369 372 375 378 381 385 388 390 391 393 394 396 397 398 398 399 401 402 402 405 408 409 411 413 413 413 414 416 417 416 415 415 415 412 410 406 402 401 402 406 410 414 417 421 425 428 430 432 434 436 436
386 380 374 365 359 353 345 337 332 334 339 349 355 363 371 377 382 384 384 383 381 377 373 369 369 364 359 358 360 358 357 357 357 360 360 359 360 366 368 368 369 368 371 371 374 375 376 379 383 386 388 391 393 393 394 396 397 397 398 398 399 399 401 403 407 410 412 413 412 414 418 418 418 419 418 416 413 412 410 409 406 404 406 409 415 420 423 427 431 433 435 437 438 438
391 388 381 371 364 359 353 344 333 331 334 344 353 362 371 378 383 384 383 383 383 382 378 376 373 370 365 364 366 367 368 367 366 367 367 365 367 372 376 376 376 377 380 381 379 374 374 377 380 381 385 390 391 390 391 394 395 395 395 395 396 398 399 400 405 410 411 412 413 416 418 419 420 420 419 417 415 415 416 412 408 405 406 409 415 422 426 430 434 436 438 440 441 441
397 394 387 378 370 364 357 349 340 335 335 341 349 357 368 374 378 381 382 382 383 384 382 379 377 374 373 371 372 372 374 374 374 375 374 372 374 377 380 380 380 383 385 386 383 380 376 377 379 381 384 385 387 388 390 391 393 392 393 394 396 398 399 402 405 407 408 411 414 416 418 419 420 420 420 419 419 420 419 415 409 407 407 410 417 423 428 432 436 439 442 444 445 445
399 398 393 385 378 371 362 354 347 341 337 337 343 353 362 370 373 377 380 383 383 385 385 385 381 378 377 379 380 381 382 383 383 382 380 377 378 382 384 383 383 385 388 389 392 390 386 385 384 383 382 382 384 387 388 390 391 393 395 398 400 403 404 406 405 407 410 412 415 416 418 420 422 423 424 424 424 423 421 416 412 410 410 413 418 424 430 434 438 441 442 445 449 449
397 402 399 395 388 379 369 361 357 346 339 335 342 348 357 362 367 372 379 380 383 386 388 387 384 382 381 381 382 384 386 387 384 382 380 379 380 383 387 384 386 390 393 397 398 395 392 390 390 385 382 382 385 387 388 391 394 397 399 401 406 407 409 409 409 411 413 414 416 418 420 421 423 425 428 428 428 426 424 421 418 414 413 415 419 426 432 436 439 441 444 447 450 452
394 401 402 402 399 393 384 372 366 357 345 342 341 347 353 358 363 369 375 377 379 384 386 386 384 382 381 380 382 383 383 384 383 382 382 382 382 387 389 388 389 398 404 407 404 400 396 395 393 390 386 386 388 390 392 395 398 401 401 403 408 410 411 414 417 417 417 417 417 419 422 422 424 428 431 431 430 429 427 425 422 416 414 416 420 426 434 437 440 444 448 450 452 457
389 396 402 405 407 405 397 387 375 364 356 349 343 345 348 352 358 364 370 373 375 378 382 381 380 379 378 378 380 379 379 380 381 381 382 384 385 388 393 393 398 405 409 409 407 403 400 398 396 394 392 392 392 393 394 398 401 403 404 406 410 412 415 419 420 421 421 420 419 421 423 425 427 430 432 433 433 431 430 429 425 419 415 416 420 427 433 437 442 448 452 454 457 460
385 391 398 405 409 406 405 398 389 375 362 355 347 343 344 347 352 359 364 368 369 373 375 374 374 374 373 372 372 373 374 375 377 378 381 383 386 389 393 397 401 405 407 408 406 405 402 399 397 395 395 395 395 395 397 398 401 404 407 410 413 415 417 421 423 425 425 425 424 423 424 424 427 431 432 434 434 433 432 431 428 423 418 417 423 429 433 439 447 452 456 459 459 463
379 387 394 403 409 409 408 405 394 380 369 361 352 345 342 345 348 353 357 361 365 365 367 368 368 368 368 368 368 369 372 372 374 376 378 381 384 388 391 396 400 403 405 407 406 404 402 399 398 397 397 397 397 397 397 398 402 405 410 414 418 420 422 426 429 430 430 429 429 427 425 425 428 431 432 434 437 437 437 434 430 427 421 420 424 430 438 445 449 454 458 463 465 470
377 384 393 404 410 412 411 409 401 385 374 366 356 350 346 345 347 349 352 355 358 359 359 362 363 364 364 365 366 368 371 373 372 375 378 380 382 385 389 392 396 400 402 403 403 403 400 399 400 399 399 399 398 399 399 403 404 408 412 416 421 424 429 434 436 435 433 433 434 432 429 429 433 436 436 439 443 444 443 439 435 431 425 423 424 432 439 445 448 453 460 465 472 477
377 383 392 404 410 414 415 413 405 394 380 370 362 356 352 349 348 349 351 352 354 355 356 357 359 360 362 364 366 370 375 376 377 378 380 381 383 385 387 390 393 396 396 397 397 399 400 401 401 400 400 402 402 400 402 405 410 412 416 419 424 429 433 438 441 439 438 438 439 438 435 433 435 439 441 444 448 447 446 442 440 436 430 426 427 431 436 442 449 455 462 469 475 481
376 384 395 406 411 414 416 415 409 397 386 377 367 360 355 353 350 350 351 351 352 354 356 356 358 361 363 367 372 379 383 386 384 384 382 381 383 386 386 388 389 392 393 394 395 399 400 400 401 401 402 404 406 405 405 409 413 416 418 423 430 435 438 441 442 443 443 444 443 441 438 435 434 440 444 447 450 450 447 445 442 439 434 430 431 434 438 443 450 458 464 471 478 482
381 391 402 410 414 415 415 415 409 401 390 382 372 364 360 353 350 349 352 354 357 361 363 362 364 367 371 375 381 385 389 390 390 389 384 382 383 386 389 389 392 395 395 396 398 401 402 401 402 405 406 407 410 412 412 413 414 417 421 428 436 441 443 446 448 448 448 448 447 443 441 438 439 441 445 449 452 454 452 449 446 441 437 434 435 437 440 444 453 461 466 472 479 484
387 397 405 410 413 414 415 414 412 405 399 388 376 370 363 356 351 352 356 362 367 371 375 377 378 383 385 386 387 389 392 393 392 390 387 384 384 389 391 393 397 400 401 400 401 403 403 404 406 407 409 408 413 414 415 416 418 420 424 431 438 443 447 450 452 454 454 454 452 450 448 445 444 445 449 453 455 457 456 455 449 443 439 438 438 439 441 444 453 461 469 476 481 485
